##RenderMan RIB
version 3.04
Option "rerender" "int[2] lodrange" [0 3]
##streammarker3371
EditBegin "option" 
Identity 
#Camera perspShape
Clipping 0.1 10000
Projection "perspective" "fov" [54.4322]
ScreenWindow -1 1 -0.5625 0.5625
Shutter 0 0
ConcatTransform [ 0.107999 0.0162808 0.994018 -8.87062e-12  4.35256e-11 0.999866 -0.0163766 1.47683e-14  0.994151 -0.00176866 -0.107985 -7.33066e-11  -0.211157 -3.00215 17.2888 1 ]
Camera "world" "float[2] shutteropening" [0 1]
EditEnd 
##streammarker3372
EditBegin "option" 
Identity 
#Camera perspShape
Clipping 0.1 10000
Projection "perspective" "fov" [54.4322]
ScreenWindow -1 1 -0.5625 0.5625
Shutter 0 0
ConcatTransform [ 0.121869 -0.00453256 0.992536 2.37805e-11  -6.55344e-11 0.99999 0.00456659 1.11655e-14  0.992546 0.000556526 -0.121868 1.73614e-10  -0.240427 -2.95859 17.2296 1 ]
Camera "world" "float[2] shutteropening" [0 1]
EditEnd 
##streammarker3373
EditBegin "option" 
Identity 
#Camera perspShape
Clipping 0.1 10000
Projection "perspective" "fov" [54.4322]
ScreenWindow -1 1 -0.5625 0.5625
Shutter 0 0
ConcatTransform [ 0.149535 -0.0355703 0.988116 -3.33152e-11  -2.92619e-10 0.999353 0.0359748 -1.25264e-13  0.988756 0.0053795 -0.149439 -1.97016e-10  -0.298821 -2.89118 17.1452 1 ]
Camera "world" "float[2] shutteropening" [0 1]
EditEnd 
##streammarker3374
EditBegin "option" 
Identity 
#Camera perspShape
Clipping 0.1 10000
Projection "perspective" "fov" [54.4322]
ScreenWindow -1 1 -0.5625 0.5625
Shutter 0 0
ConcatTransform [ 0.170209 -0.0663647 0.983171 -3.41877e-09  4.698e-10 0.99773 0.0673474 -4.68707e-10  0.985408 0.0114632 -0.169823 7.94122e-10  -0.342466 -2.82134 17.0622 1 ]
Camera "world" "float[2] shutteropening" [0 1]
EditEnd 
##streammarker3375
EditBegin "option" 
Identity 
#Camera perspShape
Clipping 0.1 10000
Projection "perspective" "fov" [54.4322]
ScreenWindow -1 1 -0.5625 0.5625
Shutter 0 0
ConcatTransform [ 0.177085 -0.0662831 0.981961 -3.44401e-09  -5.87251e-10 0.99773 0.0673474 -4.68851e-10  0.984196 0.0119262 -0.176683 6.61394e-10  -0.356982 -2.8215 17.0646 1 ]
Camera "world" "float[2] shutteropening" [0 1]
EditEnd 
##streammarker3376
EditBegin "option" 
Identity 
#Camera perspShape
Clipping 0.1 10000
Projection "perspective" "fov" [54.4322]
ScreenWindow -1 1 -0.5625 0.5625
Shutter 0 0
ConcatTransform [ 0.190809 -0.0763625 0.978653 -9.4842e-11  7.05318e-10 0.99697 0.0777918 -7.84639e-13  0.981627 0.0148434 -0.190231 -4.35219e-10  -0.385961 -2.79795 17.0403 1 ]
Camera "world" "float[2] shutteropening" [0 1]
EditEnd 
##streammarker3377
EditBegin "option" 
Identity 
#Camera perspShape
Clipping 0.1 10000
Projection "perspective" "fov" [54.4322]
ScreenWindow -1 1 -0.5625 0.5625
Shutter 0 0
ConcatTransform [ 0.211325 -0.086235 0.973604 4.32002e-11  -2.3528e-10 0.9961 0.0882275 4.07559e-13  0.977416 0.0186447 -0.210501 1.78035e-10  -0.429286 -2.77449 17.0197 1 ]
Camera "world" "float[2] shutteropening" [0 1]
EditEnd 
##streammarker3378
EditBegin "option" 
Identity 
#Camera perspShape
Clipping 0.1 10000
Projection "perspective" "fov" [54.4322]
ScreenWindow -1 1 -0.5625 0.5625
Shutter 0 0
ConcatTransform [ 0.218143 -0.0861027 0.972111 4.26779e-11  -1.41168e-09 0.9961 0.0882275 4.03079e-13  0.975917 0.0192462 -0.217293 1.70068e-10  -0.443687 -2.77476 17.0227 1 ]
Camera "world" "float[2] shutteropening" [0 1]
EditEnd 
##streammarker3379
EditBegin "option" 
Identity 
#Camera perspShape
Clipping 0.1 10000
Projection "perspective" "fov" [54.4322]
ScreenWindow -1 1 -0.5625 0.5625
Shutter 0 0
ConcatTransform [ 0.224951 -0.0961252 0.969617 -3.44987e-09  0 0.995122 0.0986536 -4.6913e-10  0.97437 0.0221922 -0.223854 6.23767e-10  -0.458066 -2.75067 16.9969 1 ]
Camera "world" "float[2] shutteropening" [0 1]
EditEnd 
##streammarker3380
EditBegin "option" 
Identity 
#Camera perspShape
Clipping 0.1 10000
Projection "perspective" "fov" [54.4322]
ScreenWindow -1 1 -0.5625 0.5625
Shutter 0 0
ConcatTransform [ 0.231748 -0.11622 0.965808 -3.38163e-09  2.12045e-09 0.992838 0.119472 -4.68189e-10  0.972776 0.0276875 -0.230088 8.76449e-10  -0.472423 -2.70143 16.943 1 ]
Camera "world" "float[2] shutteropening" [0 1]
EditEnd 
##streammarker3381
EditBegin "option" 
Identity 
#Camera perspShape
Clipping 0.1 10000
Projection "perspective" "fov" [54.4322]
ScreenWindow -1 1 -0.5625 0.5625
Shutter 0 0
ConcatTransform [ 0.238533 -0.126114 0.962911 -9.29152e-11  1.41389e-09 0.991532 0.129863 -1.30394e-12  0.971134 0.0309765 -0.236514 -3.36545e-10  -0.486757 -2.67664 16.9182 1 ]
Camera "world" "float[2] shutteropening" [0 1]
EditEnd 
##streammarker3382
EditBegin "option" 
Identity 
#Camera perspShape
Clipping 0.1 10000
Projection "perspective" "fov" [54.4322]
ScreenWindow -1 1 -0.5625 0.5625
Shutter 0 0
ConcatTransform [ 0.252069 -0.155746 0.955094 5.28113e-11  -1.88463e-09 0.986964 0.160943 9.24578e-13  0.967709 0.0405689 -0.248783 1.80252e-10  -0.515353 -2.60045 16.8422 1 ]
Camera "world" "float[2] shutteropening" [0 1]
EditEnd 
##streammarker3383
EditBegin "option" 
Identity 
#Camera perspShape
Clipping 0.1 10000
Projection "perspective" "fov" [54.4322]
ScreenWindow -1 1 -0.5625 0.5625
Shutter 0 0
ConcatTransform [ 0.265556 -0.16512 0.94985 1.39148e-10  3.76781e-09 0.985224 0.17127 2.60057e-12  0.964095 0.0454817 -0.261632 4.48839e-10  -0.543849 -2.57544 16.8224 1 ]
Camera "world" "float[2] shutteropening" [0 1]
EditEnd 
##streammarker3384
EditBegin "option" 
Identity 
#Camera perspShape
Clipping 0.1 10000
Projection "perspective" "fov" [54.4322]
ScreenWindow -1 1 -0.5625 0.5625
Shutter 0 0
ConcatTransform [ 0.265556 -0.184976 0.946184 -2.21023e-10  -2.35206e-09 0.981421 0.191865 -4.64255e-12  0.964095 0.0509509 -0.260622 -7.12994e-10  -0.543849 -2.52219 16.769 1 ]
Camera "world" "float[2] shutteropening" [0 1]
EditEnd 
##streammarker3385
EditBegin "option" 
Identity 
#Camera perspShape
Clipping 0.1 10000
Projection "perspective" "fov" [54.4322]
ScreenWindow -1 1 -0.5625 0.5625
Shutter 0 0
ConcatTransform [ 0.265556 -0.224436 0.937608 -2.28367e-10  -4.68469e-09 0.972526 0.232794 -5.85795e-12  0.964095 0.06182 -0.25826 -7.36928e-10  -0.543849 -2.41241 16.6657 1 ]
Camera "world" "float[2] shutteropening" [0 1]
EditEnd 
##streammarker3386
EditBegin "option" 
Identity 
#Camera perspShape
Clipping 0.1 10000
Projection "perspective" "fov" [54.4322]
ScreenWindow -1 1 -0.5625 0.5625
Shutter 0 0
ConcatTransform [ 0.265556 -0.244023 0.932702 7.87485e-11  0 0.967437 0.25311 2.20341e-12  0.964095 0.067215 -0.256909 2.54181e-10  -0.543849 -2.35592 16.6157 1 ]
Camera "world" "float[2] shutteropening" [0 1]
EditEnd 
##streammarker3387
EditBegin "option" 
Identity 
#Camera perspShape
Clipping 0.1 10000
Projection "perspective" "fov" [54.4322]
ScreenWindow -1 1 -0.5625 0.5625
Shutter 0 0
ConcatTransform [ 0.265556 -0.253776 0.930095 5.61603e-11  4.6629e-09 0.964734 0.263227 1.63683e-12  0.964095 0.0699016 -0.256191 1.81298e-10  -0.543848 -2.32729 16.5912 1 ]
Camera "world" "float[2] shutteropening" [0 1]
EditEnd 
##streammarker3388
EditBegin "option" 
Identity 
#Camera perspShape
Clipping 0.1 10000
Projection "perspective" "fov" [54.4322]
ScreenWindow -1 1 -0.5625 0.5625
Shutter 0 0
ConcatTransform [ 0.265556 -0.263502 0.927387 2.35762e-10  1.11702e-08 0.961924 0.273315 7.1463e-12  0.964095 0.0725806 -0.255445 7.61217e-10  -0.543848 -2.2984 16.567 1 ]
Camera "world" "float[2] shutteropening" [0 1]
EditEnd 
##streammarker3389
EditBegin "option" 
Identity 
#Camera perspShape
Clipping 0.1 10000
Projection "perspective" "fov" [54.4322]
ScreenWindow -1 1 -0.5625 0.5625
Shutter 0 0
ConcatTransform [ 0.265556 -0.273199 0.924577 -1.84017e-10  6.50288e-09 0.95901 0.283373 -5.79241e-12  0.964095 0.0752516 -0.254671 -5.94252e-10  -0.543848 -2.26926 16.5431 1 ]
Camera "world" "float[2] shutteropening" [0 1]
EditEnd 
##streammarker3390
EditBegin "option" 
Identity 
#Camera perspShape
Clipping 0.1 10000
Projection "perspective" "fov" [54.4322]
ScreenWindow -1 1 -0.5625 0.5625
Shutter 0 0
ConcatTransform [ 0.265556 -0.282866 0.921665 1.99085e-11  -6.48883e-09 0.95599 0.2934 6.49888e-13  0.964095 0.0779143 -0.253869 6.43035e-11  -0.543849 -2.23987 16.5195 1 ]
Camera "world" "float[2] shutteropening" [0 1]
EditEnd 
##streammarker3391
EditBegin "option" 
Identity 
#Camera perspShape
Clipping 0.1 10000
Projection "perspective" "fov" [54.4322]
ScreenWindow -1 1 -0.5625 0.5625
Shutter 0 0
ConcatTransform [ 0.265556 -0.321213 0.909012 -2.69479e-09  -5.50529e-09 0.942865 0.333176 -1.80727e-09  0.964095 0.0884769 -0.250383 2.41168e-09  -0.543849 -2.11988 16.4281 1 ]
Camera "world" "float[2] shutteropening" [0 1]
EditEnd 
##streammarker3392
EditBegin "option" 
Identity 
#Camera perspShape
Clipping 0.1 10000
Projection "perspective" "fov" [54.4322]
ScreenWindow -1 1 -0.5625 0.5625
Shutter 0 0
ConcatTransform [ 0.265556 -0.330715 0.905598 -3.99442e-12  1.82968e-09 0.939324 0.343031 -1.53672e-13  0.964095 0.091094 -0.249443 -1.29171e-11  -0.543848 -2.0893 16.4061 1 ]
Camera "world" "float[2] shutteropening" [0 1]
EditEnd 
##streammarker3393
EditBegin "option" 
Identity 
#Camera perspShape
Clipping 0.1 10000
Projection "perspective" "fov" [54.4322]
ScreenWindow -1 1 -0.5625 0.5625
Shutter 0 0
ConcatTransform [ 0.265556 -0.34018 0.902085 2.61645e-11  -9.11994e-10 0.93568 0.352849 1.03703e-12  0.964095 0.0937011 -0.248476 8.46339e-11  -0.543849 -2.05849 16.3844 1 ]
Camera "world" "float[2] shutteropening" [0 1]
EditEnd 
##streammarker3394
EditBegin "option" 
Identity 
#Camera perspShape
Clipping 0.1 10000
Projection "perspective" "fov" [54.4322]
ScreenWindow -1 1 -0.5625 0.5625
Shutter 0 0
ConcatTransform [ 0.265556 -0.349608 0.898473 -1.06039e-10  -3.63602e-09 0.931934 0.362628 -4.3262e-12  0.964095 0.0962979 -0.247481 -3.43107e-10  -0.543849 -2.02744 16.363 1 ]
Camera "world" "float[2] shutteropening" [0 1]
EditEnd 
##streammarker3395
EditBegin "option" 
Identity 
#Camera perspShape
Clipping 0.1 10000
Projection "perspective" "fov" [54.4322]
ScreenWindow -1 1 -0.5625 0.5625
Shutter 0 0
ConcatTransform [ 0.265556 -0.358997 0.894763 1.33441e-10  2.71763e-09 0.928086 0.372367 5.59914e-12  0.964095 0.0988842 -0.246459 4.31902e-10  -0.543848 -1.99618 16.3419 1 ]
Camera "world" "float[2] shutteropening" [0 1]
EditEnd 
##streammarker3396
EditBegin "option" 
Identity 
#Camera perspShape
Clipping 0.1 10000
Projection "perspective" "fov" [54.4322]
ScreenWindow -1 1 -0.5625 0.5625
Shutter 0 0
ConcatTransform [ 0.265556 -0.368347 0.890955 -8.57312e-11  9.0261e-10 0.924136 0.382065 -3.69676e-12  0.964096 0.10146 -0.24541 -2.77573e-10  -0.543849 -1.9647 16.3212 1 ]
Camera "world" "float[2] shutteropening" [0 1]
EditEnd 
##streammarker3397
EditBegin "option" 
Identity 
#Camera perspShape
Clipping 0.1 10000
Projection "perspective" "fov" [54.4322]
ScreenWindow -1 1 -0.5625 0.5625
Shutter 0 0
ConcatTransform [ 0.265556 -0.377657 0.887049 2.09628e-11  -1.7984e-09 0.920084 0.391721 9.28222e-13  0.964095 0.104024 -0.244334 6.78949e-11  -0.543849 -1.933 16.3008 1 ]
Camera "world" "float[2] shutteropening" [0 1]
EditEnd 
##streammarker3398
EditBegin "option" 
Identity 
#Camera perspShape
Clipping 0.1 10000
Projection "perspective" "fov" [54.4322]
ScreenWindow -1 1 -0.5625 0.5625
Shutter 0 0
ConcatTransform [ 0.265556 -0.386925 0.883045 8.02571e-11  -8.95652e-10 0.915931 0.401335 3.64665e-12  0.964095 0.106577 -0.243231 2.60032e-10  -0.543849 -1.90109 16.2807 1 ]
Camera "world" "float[2] shutteropening" [0 1]
EditEnd 
##streammarker3399
EditBegin "option" 
Identity 
#Camera perspShape
Clipping 0.1 10000
Projection "perspective" "fov" [54.4322]
ScreenWindow -1 1 -0.5625 0.5625
Shutter 0 0
ConcatTransform [ 0.265556 -0.396151 0.878945 -3.29148e-11  -5.35178e-09 0.911679 0.410904 -1.5336e-12  0.964095 0.109118 -0.242102 -1.06683e-10  -0.543849 -1.86898 16.261 1 ]
Camera "world" "float[2] shutteropening" [0 1]
EditEnd 
##streammarker3400
EditBegin "option" 
Identity 
#Camera perspShape
Clipping 0.1 10000
Projection "perspective" "fov" [54.4322]
ScreenWindow -1 1 -0.5625 0.5625
Shutter 0 0
ConcatTransform [ 0.265556 -0.405333 0.874749 -2.10224e-11  4.44067e-09 0.907326 0.420429 -1.00376e-12  0.964095 0.111647 -0.240946 -6.81642e-11  -0.543849 -1.83665 16.2416 1 ]
Camera "world" "float[2] shutteropening" [0 1]
EditEnd 
##streammarker3401
EditBegin "option" 
Identity 
#Camera perspShape
Clipping 0.1 10000
Projection "perspective" "fov" [54.4322]
ScreenWindow -1 1 -0.5625 0.5625
Shutter 0 0
ConcatTransform [ 0.265556 -0.414471 0.870456 1.89807e-11  -2.65249e-09 0.902873 0.429907 9.28135e-13  0.964095 0.114164 -0.239764 6.15687e-11  -0.543849 -1.80413 16.2225 1 ]
Camera "world" "float[2] shutteropening" [0 1]
EditEnd 
##streammarker3402
EditBegin "option" 
Identity 
#Camera perspShape
Clipping 0.1 10000
Projection "perspective" "fov" [54.4322]
ScreenWindow -1 1 -0.5625 0.5625
Shutter 0 0
ConcatTransform [ 0.265556 -0.414471 0.870456 6.84646e-11  -8.84491e-10 0.902873 0.429907 3.37036e-12  0.964095 0.114164 -0.239764 2.21904e-10  -0.543849 -1.80413 16.1022 1 ]
Camera "world" "float[2] shutteropening" [0 1]
EditEnd 
##streammarker3403
EditBegin "option" 
Identity 
#Camera perspShape
Clipping 0.1 10000
Projection "perspective" "fov" [54.4322]
ScreenWindow -1 1 -0.5625 0.5625
Shutter 0 0
ConcatTransform [ 0.265556 -0.414471 0.870456 5.95091e-11  -7.0839e-09 0.902873 0.429907 2.98907e-12  0.964095 0.114164 -0.239764 1.92407e-10  -0.543849 -1.80413 15.7458 1 ]
Camera "world" "float[2] shutteropening" [0 1]
EditEnd 
##streammarker3404
EditBegin "option" 
Identity 
#Camera perspShape
Clipping 0.1 10000
Projection "perspective" "fov" [54.4322]
ScreenWindow -1 1 -0.5625 0.5625
Shutter 0 0
ConcatTransform [ 0.265556 -0.414471 0.870456 6.49921e-09  1.77302e-09 0.902873 0.429907 3.50764e-09  0.964095 0.114164 -0.239764 -2.41671e-09  -0.543849 -1.80413 15.396 1 ]
Camera "world" "float[2] shutteropening" [0 1]
EditEnd 
##streammarker3405
EditBegin "option" 
Identity 
#Camera perspShape
Clipping 0.1 10000
Projection "perspective" "fov" [54.4322]
ScreenWindow -1 1 -0.5625 0.5625
Shutter 0 0
ConcatTransform [ 0.265556 -0.414471 0.870456 7.37402e-09  -7.115e-09 0.902873 0.429907 3.53561e-09  0.964095 0.114164 -0.239764 -1.29614e-09  -0.543849 -1.80413 14.4945 1 ]
Camera "world" "float[2] shutteropening" [0 1]
EditEnd 
##streammarker3406
EditBegin "option" 
Identity 
#Camera perspShape
Clipping 0.1 10000
Projection "perspective" "fov" [54.4322]
ScreenWindow -1 1 -0.5625 0.5625
Shutter 0 0
ConcatTransform [ 0.265556 -0.414471 0.870456 -1.39732e-10  1.78653e-09 0.902873 0.429907 -8.08741e-12  0.964095 0.114164 -0.239764 -4.43335e-10  -0.543849 -1.80413 13.4292 1 ]
Camera "world" "float[2] shutteropening" [0 1]
EditEnd 
##streammarker3407
EditBegin "option" 
Identity 
#Camera perspShape
Clipping 0.1 10000
Projection "perspective" "fov" [54.4322]
ScreenWindow -1 1 -0.5625 0.5625
Shutter 0 0
ConcatTransform [ 0.265556 -0.414471 0.870456 -3.45433e-09  5.3825e-09 0.902873 0.429907 -3.55421e-09  0.964095 0.114164 -0.239764 1.74324e-09  -0.543848 -1.80413 12.5257 1 ]
Camera "world" "float[2] shutteropening" [0 1]
EditEnd 
##streammarker3408
EditBegin "option" 
Identity 
#Camera perspShape
Clipping 0.1 10000
Projection "perspective" "fov" [54.4322]
ScreenWindow -1 1 -0.5625 0.5625
Shutter 0 0
ConcatTransform [ 0.265556 -0.414471 0.870456 -3.25589e-11  5.40748e-09 0.902873 0.429907 -2.13064e-12  0.964095 0.114164 -0.239764 -1.01354e-10  -0.543849 -1.80413 11.6714 1 ]
Camera "world" "float[2] shutteropening" [0 1]
EditEnd 
##streammarker3409
EditBegin "option" 
Identity 
#Camera perspShape
Clipping 0.1 10000
Projection "perspective" "fov" [54.4322]
ScreenWindow -1 1 -0.5625 0.5625
Shutter 0 0
ConcatTransform [ 0.265556 -0.414471 0.870456 1.02196e-08  -3.62106e-09 0.902873 0.429907 3.59055e-09  0.964095 0.114164 -0.239764 -1.36084e-09  -0.543849 -1.80413 10.9514 1 ]
Camera "world" "float[2] shutteropening" [0 1]
EditEnd 
##streammarker3410
EditBegin "option" 
Identity 
#Camera perspShape
Clipping 0.1 10000
Projection "perspective" "fov" [54.4322]
ScreenWindow -1 1 -0.5625 0.5625
Shutter 0 0
ConcatTransform [ 0.265556 -0.414471 0.870456 -2.46558e-10  1.81924e-09 0.902873 0.429907 -1.80162e-11  0.964095 0.114164 -0.239763 -7.52641e-10  -0.543848 -1.80413 10.2664 1 ]
Camera "world" "float[2] shutteropening" [0 1]
EditEnd 
##streammarker3411
EditBegin "option" 
Identity 
#Camera perspShape
Clipping 0.1 10000
Projection "perspective" "fov" [54.4322]
ScreenWindow -1 1 -0.5625 0.5625
Shutter 0 0
ConcatTransform [ 0.265556 -0.414471 0.870456 1.54379e-10  -3.65251e-09 0.902873 0.429907 1.17606e-11  0.964095 0.114164 -0.239764 4.67461e-10  -0.543849 -1.80413 9.77462 1 ]
Camera "world" "float[2] shutteropening" [0 1]
EditEnd 
##streammarker3412
EditBegin "option" 
Identity 
#Camera perspShape
Clipping 0.1 10000
Projection "perspective" "fov" [54.4322]
ScreenWindow -1 1 -0.5625 0.5625
Shutter 0 0
ConcatTransform [ 0.265556 -0.414471 0.870456 -9.3786e-11  5.50118e-09 0.902873 0.429907 -7.44996e-12  0.964095 0.114164 -0.239764 -2.8157e-10  -0.543849 -1.80413 9.30092 1 ]
Camera "world" "float[2] shutteropening" [0 1]
EditEnd 
##streammarker3413
EditBegin "option" 
Identity 
#Camera perspShape
Clipping 0.1 10000
Projection "perspective" "fov" [54.4322]
ScreenWindow -1 1 -0.5625 0.5625
Shutter 0 0
ConcatTransform [ 0.265556 -0.414471 0.870456 -1.47981e-10  0 0.902873 0.429907 -1.2521e-11  0.964095 0.114164 -0.239764 -4.38218e-10  -0.543849 -1.80413 8.62282 1 ]
Camera "world" "float[2] shutteropening" [0 1]
EditEnd 
##streammarker3414
EditBegin "option" 
Identity 
#Camera perspShape
Clipping 0.1 10000
Projection "perspective" "fov" [54.4322]
ScreenWindow -1 1 -0.5625 0.5625
Shutter 0 0
ConcatTransform [ 0.265556 -0.414471 0.870456 -6.33489e-09  1.85928e-09 0.902873 0.429907 -3.65806e-09  0.964095 0.114164 -0.239764 1.95746e-09  -0.543849 -1.80413 7.98175 1 ]
Camera "world" "float[2] shutteropening" [0 1]
EditEnd 
##streammarker3415
EditBegin "option" 
Identity 
#Camera perspShape
Clipping 0.1 10000
Projection "perspective" "fov" [54.4322]
ScreenWindow -1 1 -0.5625 0.5625
Shutter 0 0
ConcatTransform [ 0.265556 -0.414471 0.870456 -2.70255e-10  -1.86406e-09 0.902873 0.429907 -2.48929e-11  0.964095 0.114164 -0.239764 -7.84289e-10  -0.543849 -1.80413 7.77594 1 ]
Camera "world" "float[2] shutteropening" [0 1]
EditEnd 
##streammarker3416
EditBegin "option" 
Identity 
#Camera perspShape
Clipping 0.1 10000
Projection "perspective" "fov" [54.4322]
ScreenWindow -1 1 -0.5625 0.5625
Shutter 0 0
ConcatTransform [ 0.265556 -0.414471 0.870456 -6.80172e-09  1.12345e-08 0.902873 0.429907 -3.66982e-09  0.964095 0.114164 -0.239764 2.25943e-09  -0.543849 -1.80413 7.44136 1 ]
Camera "world" "float[2] shutteropening" [0 1]
EditEnd 
##streammarker3417
EditBegin "option" 
Identity 
#Camera perspShape
Clipping 0.1 10000
Projection "perspective" "fov" [54.4322]
ScreenWindow -1 1 -0.5625 0.5625
Shutter 0 0
ConcatTransform [ 0.265556 -0.414471 0.870456 -5.20856e-10  0 0.902873 0.429907 -5.07939e-11  0.964096 0.114164 -0.239764 -1.48925e-09  -0.543849 -1.80413 7.24557 1 ]
Camera "world" "float[2] shutteropening" [0 1]
EditEnd 
##streammarker3418
EditBegin "option" 
Identity 
#Camera perspShape
Clipping 0.1 10000
Projection "perspective" "fov" [54.4322]
ScreenWindow -1 1 -0.5625 0.5625
Shutter 0 0
ConcatTransform [ 0.265556 -0.414471 0.870456 -2.59494e-11  0 0.902873 0.429907 -2.62306e-12  0.964095 0.114164 -0.239764 -7.34642e-11  -0.543849 -1.80413 6.92729 1 ]
Camera "world" "float[2] shutteropening" [0 1]
EditEnd 
##streammarker3419
EditBegin "option" 
Identity 
#Camera perspShape
Clipping 0.1 10000
Projection "perspective" "fov" [54.4322]
ScreenWindow -1 1 -0.5625 0.5625
Shutter 0 0
ConcatTransform [ 0.265556 -0.414471 0.870456 5.85866e-10  0 0.902873 0.429907 6.13961e-11  0.964095 0.114164 -0.239764 1.64142e-09  -0.543849 -1.80413 6.61879 1 ]
Camera "world" "float[2] shutteropening" [0 1]
EditEnd 
##streammarker3420
EditBegin "option" 
Identity 
#Camera perspShape
Clipping 0.1 10000
Projection "perspective" "fov" [54.4322]
ScreenWindow -1 1 -0.5625 0.5625
Shutter 0 0
ConcatTransform [ 0.265556 -0.414471 0.870456 -7.53785e-09  3.8271e-09 0.902873 0.429907 -7.52384e-09  0.964095 0.114164 -0.239763 3.23049e-09  -0.543849 -1.80413 6.14477 1 ]
Camera "world" "float[2] shutteropening" [0 1]
EditEnd 
##streammarker3421
EditBegin "option" 
Identity 
#Camera perspShape
Clipping 0.1 10000
Projection "perspective" "fov" [54.4322]
ScreenWindow -1 1 -0.5625 0.5625
Shutter 0 0
ConcatTransform [ 0.265556 -0.414471 0.870456 -2.20768e-10  -1.53816e-08 0.902873 0.429907 -2.52458e-11  0.964095 0.114164 -0.239763 -6.01835e-10  -0.543849 -1.80413 5.91649 1 ]
Camera "world" "float[2] shutteropening" [0 1]
EditEnd 
##streammarker3422
EditBegin "option" 
Identity 
#Camera perspShape
Clipping 0.1 10000
Projection "perspective" "fov" [54.4322]
ScreenWindow -1 1 -0.5625 0.5625
Shutter 0 0
ConcatTransform [ 0.265556 -0.414471 0.870456 1.37988e-11  -7.75978e-09 0.902873 0.429907 1.66124e-12  0.964095 0.114164 -0.239764 3.6958e-11  -0.543849 -1.80413 5.53046 1 ]
Camera "world" "float[2] shutteropening" [0 1]
EditEnd 
##streammarker3423
EditBegin "option" 
Identity 
#Camera perspShape
Clipping 0.1 10000
Projection "perspective" "fov" [54.4322]
ScreenWindow -1 1 -0.5625 0.5625
Shutter 0 0
ConcatTransform [ 0.265556 -0.414471 0.870456 4.70342e-10  -7.82441e-09 0.902873 0.429907 5.91967e-11  0.964095 0.114164 -0.239764 1.23941e-09  -0.543849 -1.80413 5.21274 1 ]
Camera "world" "float[2] shutteropening" [0 1]
EditEnd 
##streammarker3424
EditBegin "option" 
Identity 
#Camera perspShape
Clipping 0.1 10000
Projection "perspective" "fov" [54.4322]
ScreenWindow -1 1 -0.5625 0.5625
Shutter 0 0
ConcatTransform [ 0.265556 -0.414471 0.870456 4.70342e-10  -7.82441e-09 0.902873 0.429907 5.91967e-11  0.964095 0.114164 -0.239764 1.23941e-09  -0.543849 -1.80413 5.21274 1 ]
Camera "world" "float[2] shutteropening" [0 1]
EditEnd 
##streammarker3425
EditBegin "option" 
Identity 
#Camera perspShape
Clipping 0.1 10000
Projection "perspective" "fov" [54.4322]
ScreenWindow -1 1 -0.5625 0.5625
Shutter 0 0
ConcatTransform [ 0.258819 -0.415258 0.872109 -8.95642e-09  1.56495e-08 0.902873 0.429907 -7.61368e-09  0.965926 0.111268 -0.233681 4.54946e-09  -0.529614 -1.80252 5.20935 1 ]
Camera "world" "float[2] shutteropening" [0 1]
EditEnd 
##streammarker3426
EditBegin "option" 
Identity 
#Camera perspShape
Clipping 0.1 10000
Projection "perspective" "fov" [54.4322]
ScreenWindow -1 1 -0.5625 0.5625
Shutter 0 0
ConcatTransform [ 0.204496 -0.420822 0.883793 -1.82482e-10  -3.91345e-09 0.902873 0.429907 -2.28062e-11  0.978867 0.0879143 -0.184634 -6.39273e-10  -0.414864 -1.79118 5.18554 1 ]
Camera "world" "float[2] shutteropening" [0 1]
EditEnd 
##streammarker3427
EditBegin "option" 
Identity 
#Camera perspShape
Clipping 0.1 10000
Projection "perspective" "fov" [54.4322]
ScreenWindow -1 1 -0.5625 0.5625
Shutter 0 0
ConcatTransform [ 0.170209 -0.432927 0.885213 1.30628e-10  5.85048e-09 0.898322 0.439338 1.66476e-11  0.985408 0.0747795 -0.152903 5.56271e-10  -0.342466 -1.75236 5.15508 1 ]
Camera "world" "float[2] shutteropening" [0 1]
EditEnd 
##streammarker3428
EditBegin "option" 
Identity 
#Camera perspShape
Clipping 0.1 10000
Projection "perspective" "fov" [54.4322]
ScreenWindow -1 1 -0.5625 0.5625
Shutter 0 0
ConcatTransform [ 0.052336 -0.448106 0.892447 -1.00271e-08  9.71769e-10 0.893672 0.448721 -7.76866e-09  0.99863 0.0234842 -0.0467712 6.66188e-10  -0.093722 -1.70741 5.11374 1 ]
Camera "world" "float[2] shutteropening" [0 1]
EditEnd 
##streammarker3429
EditBegin "option" 
Identity 
#Camera perspShape
Clipping 0.1 10000
Projection "perspective" "fov" [54.4322]
ScreenWindow -1 1 -0.5625 0.5625
Shutter 0 0
ConcatTransform [ 0.0174524 -0.457985 0.888789 1.04754e-12  3.6298e-10 0.888924 0.458055 9.05221e-14  0.999848 0.00799415 -0.0155139 4.99466e-11  -0.0201536 -1.67275 5.09427 1 ]
Camera "world" "float[2] shutteropening" [0 1]
EditEnd 
##streammarker3430
EditBegin "option" 
Identity 
#Camera perspShape
Clipping 0.1 10000
Projection "perspective" "fov" [54.4322]
ScreenWindow -1 1 -0.5625 0.5625
Shutter 0 0
ConcatTransform [ -0.0104718 -0.458029 0.888875 -1.00191e-08  4.83975e-10 0.888924 0.458055 -7.74336e-09  0.999945 -0.00479665 0.00930862 -7.00465e-11  0.0387232 -1.67287 5.0945 1 ]
Camera "world" "float[2] shutteropening" [0 1]
EditEnd 
##streammarker3431
EditBegin "option" 
Identity 
#Camera perspShape
Clipping 0.1 10000
Projection "perspective" "fov" [54.4322]
ScreenWindow -1 1 -0.5625 0.5625
Shutter 0 0
ConcatTransform [ -0.045363 -0.457583 0.888009 -6.81794e-12  0 0.888924 0.458055 -1.05958e-12  0.998971 -0.0207787 0.0403243 1.04813e-10  0.112271 -1.67408 5.09684 1 ]
Camera "world" "float[2] shutteropening" [0 1]
EditEnd 
##streammarker3432
EditBegin "option" 
Identity 
#Camera perspShape
Clipping 0.1 10000
Projection "perspective" "fov" [54.4322]
ScreenWindow -1 1 -0.5625 0.5625
Shutter 0 0
ConcatTransform [ -0.0662739 -0.457048 0.88697 -3.11348e-11  2.90366e-09 0.888924 0.458055 -4.67798e-12  0.997801 -0.0303571 0.0589125 3.31774e-10  0.15634 -1.67536 5.09934 1 ]
Camera "world" "float[2] shutteropening" [0 1]
EditEnd 
##streammarker3433
EditBegin "option" 
Identity 
#Camera perspShape
Clipping 0.1 10000
Projection "perspective" "fov" [54.4322]
ScreenWindow -1 1 -0.5625 0.5625
Shutter 0 0
ConcatTransform [ -0.101056 -0.45571 0.884373 -9.33916e-11  -1.9356e-09 0.888924 0.458055 -1.36621e-11  0.994881 -0.0462893 0.0898314 6.57061e-10  0.229627 -1.67845 5.10533 1 ]
Camera "world" "float[2] shutteropening" [0 1]
EditEnd 
##streammarker3434
EditBegin "option" 
Identity 
#Camera perspShape
Clipping 0.1 10000
Projection "perspective" "fov" [54.4322]
ScreenWindow -1 1 -0.5625 0.5625
Shutter 0 0
ConcatTransform [ -0.114937 -0.455019 0.883033 1.15421e-10  -1.93551e-09 0.888924 0.458055 1.67777e-11  0.993373 -0.0526475 0.10217 -7.1427e-10  0.258868 -1.68001 5.10836 1 ]
Camera "world" "float[2] shutteropening" [0 1]
EditEnd 
##streammarker3435
EditBegin "option" 
Identity 
#Camera perspShape
Clipping 0.1 10000
Projection "perspective" "fov" [54.4322]
ScreenWindow -1 1 -0.5625 0.5625
Shutter 0 0
ConcatTransform [ -0.142629 -0.453372 0.879836 -9.87325e-09  3.87059e-09 0.888924 0.458055 -7.69912e-09  0.989776 -0.0653318 0.126786 -1.45418e-09  0.317193 -1.6837 5.11551 1 ]
Camera "world" "float[2] shutteropening" [0 1]
EditEnd 
##streammarker3436
EditBegin "option" 
Identity 
#Camera perspShape
Clipping 0.1 10000
Projection "perspective" "fov" [54.4322]
ScreenWindow -1 1 -0.5625 0.5625
Shutter 0 0
ConcatTransform [ -0.149535 -0.452904 0.878929 -9.84144e-09  1.16114e-08 0.888924 0.458055 -7.69225e-09  0.988756 -0.0684954 0.132926 -1.60706e-09  0.331738 -1.68473 5.11753 1 ]
Camera "world" "float[2] shutteropening" [0 1]
EditEnd 
##streammarker3437
EditBegin "option" 
Identity 
#Camera perspShape
Clipping 0.1 10000
Projection "perspective" "fov" [54.4322]
ScreenWindow -1 1 -0.5625 0.5625
Shutter 0 0
ConcatTransform [ -0.156434 -0.452415 0.87798 1.27284e-10  1.93517e-09 0.888924 0.458055 1.82716e-11  0.987688 -0.0716555 0.139058 -5.7697e-10  0.346266 -1.68582 5.11963 1 ]
Camera "world" "float[2] shutteropening" [0 1]
EditEnd 
##streammarker3438
EditBegin "option" 
Identity 
#Camera perspShape
Clipping 0.1 10000
Projection "perspective" "fov" [54.4322]
ScreenWindow -1 1 -0.5625 0.5625
Shutter 0 0
ConcatTransform [ -0.163326 -0.451904 0.876988 -1.94161e-10  3.8702e-09 0.888924 0.458055 -2.78303e-11  0.986572 -0.0748122 0.145184 8.42151e-10  0.360777 -1.68695 5.12183 1 ]
Camera "world" "float[2] shutteropening" [0 1]
EditEnd 
##streammarker3439
EditBegin "option" 
Identity 
#Camera perspShape
Clipping 0.1 10000
Projection "perspective" "fov" [54.4322]
ScreenWindow -1 1 -0.5625 0.5625
Shutter 0 0
ConcatTransform [ -0.163326 -0.451904 0.876988 -1.94161e-10  3.8702e-09 0.888924 0.458055 -2.78303e-11  0.986572 -0.0748122 0.145184 8.42151e-10  0.360777 -1.68695 5.12183 1 ]
Camera "world" "float[2] shutteropening" [0 1]
EditEnd 
##streammarker3440
EditBegin "option" 
Identity 
#Camera perspShape
Clipping 0.1 10000
Projection "perspective" "fov" [54.4322]
ScreenWindow -1 1 -0.5625 0.5625
Shutter 0 0
ConcatTransform [ -0.17021 -0.451371 0.875953 1.49644e-10  -3.87006e-09 0.888924 0.458055 2.14199e-11  0.985408 -0.0779652 0.151303 -6.22126e-10  0.375271 -1.68813 5.12411 1 ]
Camera "world" "float[2] shutteropening" [0 1]
EditEnd 
##streammarker3441
EditBegin "option" 
Identity 
#Camera perspShape
Clipping 0.1 10000
Projection "perspective" "fov" [54.4322]
ScreenWindow -1 1 -0.5625 0.5625
Shutter 0 0
ConcatTransform [ -0.177085 -0.450815 0.874875 -5.4323e-11  0 0.888924 0.458055 -7.76586e-12  0.984196 -0.0811145 0.157415 2.16809e-10  0.389747 -1.68935 5.12648 1 ]
Camera "world" "float[2] shutteropening" [0 1]
EditEnd 
##streammarker3442
EditBegin "option" 
Identity 
#Camera perspShape
Clipping 0.1 10000
Projection "perspective" "fov" [54.4322]
ScreenWindow -1 1 -0.5625 0.5625
Shutter 0 0
ConcatTransform [ -0.177085 -0.450815 0.874875 -5.4323e-11  0 0.888924 0.458055 -7.76586e-12  0.984196 -0.0811145 0.157415 2.16809e-10  0.389747 -1.68935 5.12648 1 ]
Camera "world" "float[2] shutteropening" [0 1]
EditEnd 
##streammarker3443
EditBegin "option" 
Identity 
#Camera perspShape
Clipping 0.1 10000
Projection "perspective" "fov" [54.4322]
ScreenWindow -1 1 -0.5625 0.5625
Shutter 0 0
ConcatTransform [ -0.177085 -0.441629 0.879548 -9.54971e-09  3.88554e-09 0.893672 0.448721 -7.6691e-09  0.984196 -0.0794616 0.158256 -2.9167e-09  0.389747 -1.72278 5.14435 1 ]
Camera "world" "float[2] shutteropening" [0 1]
EditEnd 
##streammarker3444
EditBegin "option" 
Identity 
#Camera perspShape
Clipping 0.1 10000
Projection "perspective" "fov" [54.4322]
ScreenWindow -1 1 -0.5625 0.5625
Shutter 0 0
ConcatTransform [ -0.177085 -0.376027 0.90953 6.09427e-11  7.936e-09 0.924136 0.382065 7.03845e-12  0.984196 -0.0676579 0.16365 -2.42567e-10  0.389747 -1.95132 5.27907 1 ]
Camera "world" "float[2] shutteropening" [0 1]
EditEnd 
##streammarker3445
EditBegin "option" 
Identity 
#Camera perspShape
Clipping 0.1 10000
Projection "perspective" "fov" [54.4322]
ScreenWindow -1 1 -0.5625 0.5625
Shutter 0 0
ConcatTransform [ -0.177085 -0.33761 0.924479 1.27055e-10  0 0.939324 0.343031 1.29659e-11  0.984196 -0.0607456 0.16634 -5.05646e-10  0.389747 -2.07729 5.36346 1 ]
Camera "world" "float[2] shutteropening" [0 1]
EditEnd 
##streammarker3446
EditBegin "option" 
Identity 
#Camera perspShape
Clipping 0.1 10000
Projection "perspective" "fov" [54.4322]
ScreenWindow -1 1 -0.5625 0.5625
Shutter 0 0
ConcatTransform [ -0.177085 -0.308404 0.934627 -9.42287e-09  -4.00504e-09 0.949635 0.313357 -3.88227e-09  0.984196 -0.0554907 0.168166 -5.30631e-09  0.389747 -2.16938 5.43017 1 ]
Camera "world" "float[2] shutteropening" [0 1]
EditEnd 
##streammarker3447
EditBegin "option" 
Identity 
#Camera perspShape
Clipping 0.1 10000
Projection "perspective" "fov" [54.4322]
ScreenWindow -1 1 -0.5625 0.5625
Shutter 0 0
ConcatTransform [ -0.170209 -0.259386 0.950656 -1.52885e-10  -2.00267e-09 0.964734 0.263227 -1.16118e-11  0.985408 -0.0448038 0.164207 6.35076e-10  0.375271 -2.31737 5.5451 1 ]
Camera "world" "float[2] shutteropening" [0 1]
EditEnd 
##streammarker3448
EditBegin "option" 
Identity 
#Camera perspShape
Clipping 0.1 10000
Projection "perspective" "fov" [54.4322]
ScreenWindow -1 1 -0.5625 0.5625
Shutter 0 0
ConcatTransform [ -0.170209 -0.189065 0.9671 1.58784e-10  -2.97913e-09 0.981421 0.191865 8.55154e-12  0.985408 -0.0326573 0.167047 -6.62269e-10  0.375271 -2.51496 5.7223 1 ]
Camera "world" "float[2] shutteropening" [0 1]
EditEnd 
##streammarker3449
EditBegin "option" 
Identity 
#Camera perspShape
Clipping 0.1 10000
Projection "perspective" "fov" [54.4322]
ScreenWindow -1 1 -0.5625 0.5625
Shutter 0 0
ConcatTransform [ -0.163326 -0.138355 0.976823 1.92422e-10  2.94478e-09 0.990118 0.140238 7.4392e-12  0.986572 -0.0229046 0.161712 -8.40743e-10  0.360777 -2.64753 5.85495 1 ]
Camera "world" "float[2] shutteropening" [0 1]
EditEnd 
##streammarker3450
EditBegin "option" 
Identity 
#Camera perspShape
Clipping 0.1 10000
Projection "perspective" "fov" [54.4322]
ScreenWindow -1 1 -0.5625 0.5625
Shutter 0 0
ConcatTransform [ -0.156434 -0.076834 0.984695 -4.45436e-11  -1.4436e-09 0.99697 0.0777918 -9.35001e-13  0.987688 -0.0121693 0.15596 2.04637e-10  0.346266 -2.7974 6.02361 1 ]
Camera "world" "float[2] shutteropening" [0 1]
EditEnd 
##streammarker3451
EditBegin "option" 
Identity 
#Camera perspShape
Clipping 0.1 10000
Projection "perspective" "fov" [54.4322]
ScreenWindow -1 1 -0.5625 0.5625
Shutter 0 0
ConcatTransform [ -0.142629 -0.0563141 0.988173 4.93414e-11  -7.16085e-10 0.99838 0.0568957 7.54404e-13  0.989776 -0.00811498 0.142398 -2.49592e-10  0.317193 -2.84478 6.07807 1 ]
Camera "world" "float[2] shutteropening" [0 1]
EditEnd 
##streammarker3452
EditBegin "option" 
Identity 
#Camera perspShape
Clipping 0.1 10000
Projection "perspective" "fov" [54.4322]
ScreenWindow -1 1 -0.5625 0.5625
Shutter 0 0
ConcatTransform [ -0.135716 0.00585072 0.990731 -9.30708e-09  2.90209e-11 0.999983 -0.00590534 5.74694e-11  0.990748 0.000801456 0.135713 -1.97317e-09  0.302633 -2.98046 6.25897 1 ]
Camera "world" "float[2] shutteropening" [0 1]
EditEnd 
##streammarker3453
EditBegin "option" 
Identity 
#Camera perspShape
Clipping 0.1 10000
Projection "perspective" "fov" [54.4322]
ScreenWindow -1 1 -0.5625 0.5625
Shutter 0 0
ConcatTransform [ -0.128796 0.0681111 0.989329 7.66235e-12  0 0.997639 -0.0686831 -1.35903e-13  0.991671 0.00884609 0.128491 -4.36699e-11  0.288058 -3.10464 6.44814 1 ]
Camera "world" "float[2] shutteropening" [0 1]
EditEnd 
##streammarker3454
EditBegin "option" 
Identity 
#Camera perspShape
Clipping 0.1 10000
Projection "perspective" "fov" [54.4322]
ScreenWindow -1 1 -0.5625 0.5625
Shutter 0 0
ConcatTransform [ -0.121869 0.140509 0.98255 1.15525e-10  4.28841e-10 0.989929 -0.141564 -4.13108e-12  0.992546 0.0172523 0.120642 -7.03838e-10  0.27347 -3.23426 6.67863 1 ]
Camera "world" "float[2] shutteropening" [0 1]
EditEnd 
##streammarker3455
EditBegin "option" 
Identity 
#Camera perspShape
Clipping 0.1 10000
Projection "perspective" "fov" [54.4322]
ScreenWindow -1 1 -0.5625 0.5625
Shutter 0 0
ConcatTransform [ -0.114937 0.171445 0.978466 -5.43862e-11  -1.2585e-09 0.984994 -0.172588 2.35342e-12  0.993373 0.0198368 0.113212 3.53188e-10  0.258868 -3.28479 6.77921 1 ]
Camera "world" "float[2] shutteropening" [0 1]
EditEnd 
##streammarker3456
EditBegin "option" 
Identity 
#Camera perspShape
Clipping 0.1 10000
Projection "perspective" "fov" [54.4322]
ScreenWindow -1 1 -0.5625 0.5625
Shutter 0 0
ConcatTransform [ -0.114937 0.272783 0.955185 6.38476e-11  1.54352e-09 0.961558 -0.274603 -4.25411e-12  0.993373 0.0315621 0.110519 -4.22215e-10  0.258868 -3.42869 7.13104 1 ]
Camera "world" "float[2] shutteropening" [0 1]
EditEnd 
##streammarker3457
EditBegin "option" 
Identity 
#Camera perspShape
Clipping 0.1 10000
Projection "perspective" "fov" [54.4322]
ScreenWindow -1 1 -0.5625 0.5625
Shutter 0 0
ConcatTransform [ -0.114937 0.302652 0.946146 6.6606e-12  -3.00141e-09 0.952458 -0.304671 -4.8776e-13  0.993373 0.035018 0.109473 -4.42992e-11  0.258868 -3.4646 7.23933 1 ]
Camera "world" "float[2] shutteropening" [0 1]
EditEnd 
##streammarker3458
EditBegin "option" 
Identity 
#Camera perspShape
Clipping 0.1 10000
Projection "perspective" "fov" [54.4322]
ScreenWindow -1 1 -0.5625 0.5625
Shutter 0 0
ConcatTransform [ -0.114937 0.351754 0.929009 -7.14854e-11  2.85462e-09 0.935207 -0.354101 5.99205e-12  0.993373 0.0406994 0.10749 4.80142e-10  0.258868 -3.51683 7.42215 1 ]
Camera "world" "float[2] shutteropening" [0 1]
EditEnd 
##streammarker3459
EditBegin "option" 
Identity 
#Camera perspShape
Clipping 0.1 10000
Projection "perspective" "fov" [54.4322]
ScreenWindow -1 1 -0.5625 0.5625
Shutter 0 0
ConcatTransform [ -0.107999 0.38106 0.918221 -3.27531e-12  -5.52935e-09 0.923623 -0.383302 2.95515e-13  0.994151 0.0413963 0.0997507 2.35565e-11  0.244253 -3.54422 7.53144 1 ]
Camera "world" "float[2] shutteropening" [0 1]
EditEnd 
##streammarker3460
EditBegin "option" 
Identity 
#Camera perspShape
Clipping 0.1 10000
Projection "perspective" "fov" [54.4322]
ScreenWindow -1 1 -0.5625 0.5625
Shutter 0 0
ConcatTransform [ -0.107999 0.428594 0.897019 -2.45741e-11  2.61144e-09 0.902297 -0.431115 2.45828e-12  0.994151 0.0465602 0.0974475 1.78569e-10  0.244253 -3.58106 7.71802 1 ]
Camera "world" "float[2] shutteropening" [0 1]
EditEnd 
##streammarker3461
EditBegin "option" 
Identity 
#Camera perspShape
Clipping 0.1 10000
Projection "perspective" "fov" [54.4322]
ScreenWindow -1 1 -0.5625 0.5625
Shutter 0 0
ConcatTransform [ -0.101056 0.456893 0.883763 1.60479e-08  -2.5183e-09 0.88831 -0.459244 -5.02208e-09  0.994881 0.0464095 0.0897693 1.07013e-09  0.229627 -3.59921 7.82934 1 ]
Camera "world" "float[2] shutteropening" [0 1]
EditEnd 
##streammarker3462
EditBegin "option" 
Identity 
#Camera perspShape
Clipping 0.1 10000
Projection "perspective" "fov" [54.4322]
ScreenWindow -1 1 -0.5625 0.5625
Shutter 0 0
ConcatTransform [ -0.0871557 0.485067 0.870123 4.98091e-11  1.21227e-09 0.873446 -0.48692 -5.60851e-12  0.996195 0.0424379 0.0761259 -4.53888e-10  0.200341 -3.61456 7.94001 1 ]
Camera "world" "float[2] shutteropening" [0 1]
EditEnd 
##streammarker3463
EditBegin "option" 
Identity 
#Camera perspShape
Clipping 0.1 10000
Projection "perspective" "fov" [54.4322]
ScreenWindow -1 1 -0.5625 0.5625
Shutter 0 0
ConcatTransform [ -0.0871557 0.485067 0.870123 4.98091e-11  1.21227e-09 0.873446 -0.48692 -5.60851e-12  0.996195 0.0424379 0.0761259 -4.53888e-10  0.200341 -3.61456 7.94001 1 ]
Camera "world" "float[2] shutteropening" [0 1]
EditEnd 
##streammarker3464
EditBegin "option" 
Identity 
#Camera perspShape
Clipping 0.1 10000
Projection "perspective" "fov" [54.4322]
ScreenWindow -1 1 -0.5625 0.5625
Shutter 0 0
ConcatTransform [ -0.0801989 0.485352 0.870633 -9.82818e-09  -1.21239e-09 0.873446 -0.48692 9.68703e-09  0.996779 0.0390505 0.0700495 -1.05894e-09  0.185683 -3.61522 7.93884 1 ]
Camera "world" "float[2] shutteropening" [0 1]
EditEnd 
##streammarker3465
EditBegin "option" 
Identity 
#Camera perspShape
Clipping 0.1 10000
Projection "perspective" "fov" [54.4322]
ScreenWindow -1 1 -0.5625 0.5625
Shutter 0 0
ConcatTransform [ -0.0801989 0.494442 0.865503 -5.8047e-12  -1.19659e-09 0.8683 -0.49604 6.67952e-13  0.996779 0.0397819 0.0696367 5.75667e-11  0.185683 -3.61909 7.97672 1 ]
Camera "world" "float[2] shutteropening" [0 1]
EditEnd 
##streammarker3466
EditBegin "option" 
Identity 
#Camera perspShape
Clipping 0.1 10000
Projection "perspective" "fov" [54.4322]
ScreenWindow -1 1 -0.5625 0.5625
Shutter 0 0
ConcatTransform [ -0.0732382 0.503749 0.86074 -3.59761e-11  5.90433e-09 0.863058 -0.505105 4.23328e-12  0.997314 0.036993 0.0632088 3.91138e-10  0.171016 -3.6232 8.01356 1 ]
Camera "world" "float[2] shutteropening" [0 1]
EditEnd 
##streammarker3467
EditBegin "option" 
Identity 
#Camera perspShape
Clipping 0.1 10000
Projection "perspective" "fov" [54.4322]
ScreenWindow -1 1 -0.5625 0.5625
Shutter 0 0
ConcatTransform [ -0.0732382 0.512735 0.855418 -1.06603e-11  -1.16499e-09 0.857721 -0.514115 1.27352e-12  0.997314 0.0376529 0.0628179 1.16155e-10  0.171016 -3.6263 8.05152 1 ]
Camera "world" "float[2] shutteropening" [0 1]
EditEnd 
##streammarker3468
EditBegin "option" 
Identity 
#Camera perspShape
Clipping 0.1 10000
Projection "perspective" "fov" [54.4322]
ScreenWindow -1 1 -0.5625 0.5625
Shutter 0 0
ConcatTransform [ -0.0662739 0.512985 0.855835 -1.15467e-11  3.49529e-09 0.857721 -0.514116 1.39072e-12  0.997801 0.0340724 0.0568445 1.38834e-10  0.15634 -3.62689 8.05054 1 ]
Camera "world" "float[2] shutteropening" [0 1]
EditEnd 
##streammarker3469
EditBegin "option" 
Identity 
#Camera perspShape
Clipping 0.1 10000
Projection "perspective" "fov" [54.4322]
ScreenWindow -1 1 -0.5625 0.5625
Shutter 0 0
