##RenderMan RIB
version 3.04
Option "rerender" "int[2] lodrange" [0 3]
##streammarker2
EditBegin "option" 
Identity 
#Camera perspShape
Clipping 0.1 10000
Projection "perspective" "fov" [54.4322]
ScreenWindow -1 1 -0.5625 0.5625
Shutter 0 0
ConcatTransform [ -0.170209 -0.497735 -0.850464 3.10877e-11  4.43173e-09 0.863058 -0.505105 -2.63839e-12  -0.985408 0.0859737 0.146901 2.06464e-10  0.342466 -1.93276 13.6859 1 ]
Camera "world" "float[2] shutteropening" [0 1]
EditEnd 
##streammarker3
EditBegin "option" 
Identity 
#Camera perspShape
Clipping 0.1 10000
Projection "perspective" "fov" [54.4322]
ScreenWindow -1 1 -0.5625 0.5625
Shutter 0 0
ConcatTransform [ -0.170209 -0.497735 -0.850464 3.10877e-11  4.43173e-09 0.863058 -0.505105 -2.63839e-12  -0.985408 0.0859737 0.146901 2.06464e-10  0.342466 -1.93276 13.6859 1 ]
Camera "world" "float[2] shutteropening" [0 1]
EditEnd 
##streammarker4
EditBegin "option" 
Identity 
#Camera perspShape
Clipping 0.1 10000
Projection "perspective" "fov" [54.4322]
ScreenWindow -1 1 -0.5625 0.5625
Shutter 0 0
ConcatTransform [ -0.170209 -0.497735 -0.850464 3.09552e-11  -4.43353e-09 0.863058 -0.505106 -2.61328e-12  -0.985408 0.0859737 0.146901 2.05446e-10  0.342466 -1.93276 13.7494 1 ]
Camera "world" "float[2] shutteropening" [0 1]
EditEnd 
##streammarker5
EditBegin "option" 
Identity 
#Camera perspShape
Clipping 0.1 10000
Projection "perspective" "fov" [54.4322]
ScreenWindow -1 1 -0.5625 0.5625
Shutter 0 0
ConcatTransform [ -0.170209 -0.497735 -0.850464 3.09552e-11  -4.43353e-09 0.863058 -0.505106 -2.61328e-12  -0.985408 0.0859737 0.146901 2.05446e-10  0.342466 -1.93276 13.7494 1 ]
Camera "world" "float[2] shutteropening" [0 1]
EditEnd 
##streammarker6
EditBegin "option" 
Identity 
#Camera perspShape
Clipping 0.1 10000
Projection "perspective" "fov" [54.4322]
ScreenWindow -1 1 -0.5625 0.5625
Shutter 0 0
ConcatTransform [ -0.170209 -0.497735 -0.850464 7.97189e-11  -6.66367e-09 0.863058 -0.505105 -6.55386e-12  -0.985408 0.0859737 0.146901 5.27315e-10  0.342466 -1.93276 14.0729 1 ]
Camera "world" "float[2] shutteropening" [0 1]
EditEnd 
##streammarker7
EditBegin "option" 
Identity 
#Camera perspShape
Clipping 0.1 10000
Projection "perspective" "fov" [54.4322]
ScreenWindow -1 1 -0.5625 0.5625
Shutter 0 0
ConcatTransform [ -0.170209 -0.497735 -0.850464 -8.15054e-09  -5.9303e-09 0.863058 -0.505105 -2.97469e-09  -0.985408 0.0859738 0.146901 7.78354e-10  0.342466 -1.93276 14.2719 1 ]
Camera "world" "float[2] shutteropening" [0 1]
EditEnd 
##streammarker8
EditBegin "option" 
Identity 
#Camera perspShape
Clipping 0.1 10000
Projection "perspective" "fov" [54.4322]
ScreenWindow -1 1 -0.5625 0.5625
Shutter 0 0
ConcatTransform [ -0.170209 -0.497735 -0.850464 -7.44623e-09  -3.72504e-09 0.863058 -0.505105 -2.99259e-09  -0.985408 0.0859737 0.146901 1.08938e-09  0.342466 -1.93276 15.1787 1 ]
Camera "world" "float[2] shutteropening" [0 1]
EditEnd 
##streammarker9
EditBegin "option" 
Identity 
#Camera perspShape
Clipping 0.1 10000
Projection "perspective" "fov" [54.4322]
ScreenWindow -1 1 -0.5625 0.5625
Shutter 0 0
ConcatTransform [ -0.170209 -0.497735 -0.850464 -7.44623e-09  -3.72504e-09 0.863058 -0.505105 -2.99259e-09  -0.985408 0.0859737 0.146901 1.08938e-09  0.342466 -1.93276 15.1787 1 ]
Camera "world" "float[2] shutteropening" [0 1]
EditEnd 
##streammarker10
EditBegin "option" 
Identity 
#Camera perspShape
Clipping 0.1 10000
Projection "perspective" "fov" [54.4322]
ScreenWindow -1 1 -0.5625 0.5625
Shutter 0 0
ConcatTransform [ -0.170209 -0.497735 -0.850464 9.65596e-11  -2.23587e-09 0.863058 -0.505105 -7.24739e-12  -0.985408 0.0859737 0.146901 6.31774e-10  0.342466 -1.93276 15.2515 1 ]
Camera "world" "float[2] shutteropening" [0 1]
EditEnd 
##streammarker11
EditBegin "option" 
Identity 
#Camera perspShape
Clipping 0.1 10000
Projection "perspective" "fov" [54.4322]
ScreenWindow -1 1 -0.5625 0.5625
Shutter 0 0
ConcatTransform [ -0.170209 -0.497735 -0.850464 7.61607e-11  -3.73061e-09 0.863058 -0.505105 -5.62441e-12  -0.985408 0.0859737 0.146901 4.97385e-10  0.342466 -1.93276 15.4728 1 ]
Camera "world" "float[2] shutteropening" [0 1]
EditEnd 
##streammarker12
EditBegin "option" 
Identity 
#Camera perspShape
Clipping 0.1 10000
Projection "perspective" "fov" [54.4322]
ScreenWindow -1 1 -0.5625 0.5625
Shutter 0 0
ConcatTransform [ -0.170209 -0.497735 -0.850464 7.22748e-09  -2.24084e-09 0.863058 -0.505105 2.99114e-09  -0.985408 0.0859738 0.146901 -3.00288e-10  0.342466 -1.93276 15.6982 1 ]
Camera "world" "float[2] shutteropening" [0 1]
EditEnd 
##streammarker13
EditBegin "option" 
Identity 
#Camera perspShape
Clipping 0.1 10000
Projection "perspective" "fov" [54.4322]
ScreenWindow -1 1 -0.5625 0.5625
Shutter 0 0
ConcatTransform [ -0.170209 -0.497735 -0.850464 -5.66041e-11  1.50948e-09 0.863058 -0.505105 3.48857e-12  -0.985408 0.0859738 0.146901 -3.62723e-10  0.342466 -1.93276 18.201 1 ]
Camera "world" "float[2] shutteropening" [0 1]
EditEnd 
##streammarker14
EditBegin "option" 
Identity 
#Camera perspShape
Clipping 0.1 10000
Projection "perspective" "fov" [54.4322]
ScreenWindow -1 1 -0.5625 0.5625
Shutter 0 0
ConcatTransform [ -0.170209 -0.497735 -0.850464 -5.66041e-11  1.50948e-09 0.863058 -0.505105 3.48857e-12  -0.985408 0.0859738 0.146901 -3.62723e-10  0.342466 -1.93276 18.201 1 ]
Camera "world" "float[2] shutteropening" [0 1]
EditEnd 
##streammarker15
EditBegin "option" 
Identity 
#Camera perspShape
Clipping 0.1 10000
Projection "perspective" "fov" [54.4322]
ScreenWindow -1 1 -0.5625 0.5625
Shutter 0 0
ConcatTransform [ -0.17021 -0.497735 -0.850464 2.60234e-11  1.50997e-09 0.863058 -0.505105 -1.59497e-12  -0.985408 0.0859738 0.146901 1.6667e-10  0.342466 -1.93276 18.2928 1 ]
Camera "world" "float[2] shutteropening" [0 1]
EditEnd 
##streammarker16
EditBegin "option" 
Identity 
#Camera perspShape
Clipping 0.1 10000
Projection "perspective" "fov" [54.4322]
ScreenWindow -1 1 -0.5625 0.5625
Shutter 0 0
ConcatTransform [ -0.17021 -0.497735 -0.850464 2.60234e-11  1.50997e-09 0.863058 -0.505105 -1.59497e-12  -0.985408 0.0859738 0.146901 1.6667e-10  0.342466 -1.93276 18.2928 1 ]
Camera "world" "float[2] shutteropening" [0 1]
EditEnd 
##streammarker17
EditBegin "option" 
Identity 
#Camera perspShape
Clipping 0.1 10000
Projection "perspective" "fov" [54.4322]
ScreenWindow -1 1 -0.5625 0.5625
Shutter 0 0
ConcatTransform [ -0.170209 -0.497735 -0.850464 -5.61959e-11  3.77737e-09 0.863058 -0.505105 3.40619e-12  -0.985408 0.0859738 0.146901 -3.59533e-10  0.342466 -1.93276 18.478 1 ]
Camera "world" "float[2] shutteropening" [0 1]
EditEnd 
##streammarker18
EditBegin "option" 
Identity 
#Camera perspShape
Clipping 0.1 10000
Projection "perspective" "fov" [54.4322]
ScreenWindow -1 1 -0.5625 0.5625
Shutter 0 0
ConcatTransform [ -0.170209 -0.497735 -0.850464 1.48654e-09  -7.58324e-10 0.863058 -0.505105 3.03677e-09  -0.985408 0.0859737 0.146901 -3.89967e-10  0.342466 -1.93276 19.6394 1 ]
Camera "world" "float[2] shutteropening" [0 1]
EditEnd 
##streammarker19
EditBegin "option" 
Identity 
#Camera perspShape
Clipping 0.1 10000
Projection "perspective" "fov" [54.4322]
ScreenWindow -1 1 -0.5625 0.5625
Shutter 0 0
ConcatTransform [ -0.170209 -0.497735 -0.850464 1.48654e-09  -7.58324e-10 0.863058 -0.505105 3.03677e-09  -0.985408 0.0859737 0.146901 -3.89967e-10  0.342466 -1.93276 19.6394 1 ]
Camera "world" "float[2] shutteropening" [0 1]
EditEnd 
##streammarker20
EditBegin "option" 
Identity 
#Camera perspShape
Clipping 0.1 10000
Projection "perspective" "fov" [54.4322]
ScreenWindow -1 1 -0.5625 0.5625
Shutter 0 0
ConcatTransform [ -0.183951 -0.496486 -0.84833 1.43507e-09  -6.8256e-09 0.863058 -0.505105 3.0402e-09  -0.982935 0.0929148 0.158761 -6.80836e-10  0.37148 -1.93528 19.6351 1 ]
Camera "world" "float[2] shutteropening" [0 1]
EditEnd 
##streammarker21
EditBegin "option" 
Identity 
#Camera perspShape
Clipping 0.1 10000
Projection "perspective" "fov" [54.4322]
ScreenWindow -1 1 -0.5625 0.5625
Shutter 0 0
ConcatTransform [ -0.231748 -0.500119 -0.83437 1.44867e-09  7.53907e-09 0.857721 -0.514116 3.02206e-09  -0.972776 0.119145 0.198775 -5.08133e-10  0.472423 -1.90873 19.6375 1 ]
Camera "world" "float[2] shutteropening" [0 1]
EditEnd 
##streammarker22
EditBegin "option" 
Identity 
#Camera perspShape
Clipping 0.1 10000
Projection "perspective" "fov" [54.4322]
ScreenWindow -1 1 -0.5625 0.5625
Shutter 0 0
ConcatTransform [ -0.252069 -0.506179 -0.824769 8.71864e-11  2.99689e-09 0.85229 -0.523069 -5.19077e-12  -0.967709 0.13185 0.214836 3.68267e-10  0.515353 -1.87697 19.6485 1 ]
Camera "world" "float[2] shutteropening" [0 1]
EditEnd 
##streammarker23
EditBegin "option" 
Identity 
#Camera perspShape
Clipping 0.1 10000
Projection "perspective" "fov" [54.4322]
ScreenWindow -1 1 -0.5625 0.5625
Shutter 0 0
ConcatTransform [ -0.278991 -0.5023 -0.818449 4.97289e-11  -8.99365e-09 0.85229 -0.523069 -2.97115e-12  -0.960294 0.145932 0.237781 1.88521e-10  0.572238 -1.88491 19.6355 1 ]
Camera "world" "float[2] shutteropening" [0 1]
EditEnd 
##streammarker24
EditBegin "option" 
Identity 
#Camera perspShape
Clipping 0.1 10000
Projection "perspective" "fov" [54.4322]
ScreenWindow -1 1 -0.5625 0.5625
Shutter 0 0
ConcatTransform [ -0.299041 -0.507623 -0.808018 4.79284e-11  -5.95835e-09 0.846766 -0.531966 -2.91383e-12  -0.95424 0.159079 0.253218 1.6845e-10  0.614611 -1.85437 19.6446 1 ]
Camera "world" "float[2] shutteropening" [0 1]
EditEnd 
##streammarker25
EditBegin "option" 
Identity 
#Camera perspShape
Clipping 0.1 10000
Projection "perspective" "fov" [54.4322]
ScreenWindow -1 1 -0.5625 0.5625
Shutter 0 0
ConcatTransform [ -0.318959 -0.512556 -0.797214 5.54763e-11  -2.2203e-08 0.841149 -0.540803 -3.42962e-12  -0.947768 0.172494 0.268292 1.81569e-10  0.656716 -1.82433 19.6526 1 ]
Camera "world" "float[2] shutteropening" [0 1]
EditEnd 
##streammarker26
EditBegin "option" 
Identity 
#Camera perspShape
Clipping 0.1 10000
Projection "perspective" "fov" [54.4322]
ScreenWindow -1 1 -0.5625 0.5625
Shutter 0 0
ConcatTransform [ -0.338738 -0.508832 -0.791421 -1.18622e-10  -7.40352e-09 0.841149 -0.540804 7.34591e-12  -0.940881 0.183191 0.284929 -3.63215e-10  0.698531 -1.83201 19.6407 1 ]
Camera "world" "float[2] shutteropening" [0 1]
EditEnd 
##streammarker27
EditBegin "option" 
Identity 
#Camera perspShape
Clipping 0.1 10000
Projection "perspective" "fov" [54.4322]
ScreenWindow -1 1 -0.5625 0.5625
Shutter 0 0
ConcatTransform [ -0.364877 -0.511692 -0.777841 2.17684e-10  0 0.83544 -0.549582 -1.37037e-11  -0.931056 0.20053 0.304833 6.12556e-10  0.753806 -1.80595 19.6427 1 ]
Camera "world" "float[2] shutteropening" [0 1]
EditEnd 
##streammarker28
EditBegin "option" 
Identity 
#Camera perspShape
Clipping 0.1 10000
Projection "perspective" "fov" [54.4322]
ScreenWindow -1 1 -0.5625 0.5625
Shutter 0 0
ConcatTransform [ -0.390731 -0.505893 -0.769026 2.89823e-10  1.17789e-08 0.83544 -0.549582 -1.82764e-11  -0.920505 0.214739 0.326432 7.53883e-10  0.808493 -1.81794 19.6245 1 ]
Camera "world" "float[2] shutteropening" [0 1]
EditEnd 
##streammarker29
EditBegin "option" 
Identity 
#Camera perspShape
Clipping 0.1 10000
Projection "perspective" "fov" [54.4322]
ScreenWindow -1 1 -0.5625 0.5625
Shutter 0 0
ConcatTransform [ -0.409923 -0.509237 -0.75673 -1.33657e-10  7.31536e-09 0.829639 -0.5583 8.5578e-12  -0.91212 0.22886 0.340088 -3.28424e-10  0.849096 -1.7906 19.6289 1 ]
Camera "world" "float[2] shutteropening" [0 1]
EditEnd 
##streammarker30
EditBegin "option" 
Identity 
#Camera perspShape
Clipping 0.1 10000
Projection "perspective" "fov" [54.4322]
ScreenWindow -1 1 -0.5625 0.5625
Shutter 0 0
ConcatTransform [ -0.45399 -0.497449 -0.739213 5.36088e-10  8.7891e-09 0.829639 -0.5583 -3.44033e-11  -0.891007 0.253463 0.376648 1.16474e-09  0.942359 -1.81504 19.5926 1 ]
Camera "world" "float[2] shutteropening" [0 1]
EditEnd 
##streammarker31
EditBegin "option" 
Identity 
#Camera perspShape
Clipping 0.1 10000
Projection "perspective" "fov" [54.4322]
ScreenWindow -1 1 -0.5625 0.5625
Shutter 0 0
ConcatTransform [ -0.478692 -0.505326 -0.717983 -1.03159e-10  0 0.817765 -0.575553 6.81002e-12  -0.877983 0.275512 0.391457 -2.09419e-10  0.994655 -1.75702 19.6077 1 ]
Camera "world" "float[2] shutteropening" [0 1]
EditEnd 
##streammarker32
EditBegin "option" 
Identity 
#Camera perspShape
Clipping 0.1 10000
Projection "perspective" "fov" [54.4322]
ScreenWindow -1 1 -0.5625 0.5625
Shutter 0 0
ConcatTransform [ -0.573576 -0.471465 -0.669873 3.34344e-10  -8.71058e-09 0.817765 -0.575553 -2.21493e-11  -0.819152 0.330124 0.469051 5.3236e-10  1.19569 -1.8275 19.5076 1 ]
Camera "world" "float[2] shutteropening" [0 1]
EditEnd 
##streammarker33
EditBegin "option" 
Identity 
#Camera perspShape
Clipping 0.1 10000
Projection "perspective" "fov" [54.4322]
ScreenWindow -1 1 -0.5625 0.5625
Shutter 0 0
ConcatTransform [ -0.607376 -0.457228 -0.649644 9.11495e-10  3.49064e-08 0.817765 -0.575553 2.96768e-09  -0.794415 0.349577 0.496691 -1.29746e-09  1.26736 -1.8572 19.4654 1 ]
Camera "world" "float[2] shutteropening" [0 1]
EditEnd 
##streammarker34
EditBegin "option" 
Identity 
#Camera perspShape
Clipping 0.1 10000
Projection "perspective" "fov" [54.4322]
ScreenWindow -1 1 -0.5625 0.5625
Shutter 0 0
ConcatTransform [ -0.666532 -0.4162 -0.618476 -1.41172e-09  1.77543e-08 0.829639 -0.558301 3.17238e-09  -0.745476 0.372125 0.552981 -4.16644e-09  1.3929 -1.98437 19.341 1 ]
Camera "world" "float[2] shutteropening" [0 1]
EditEnd 
##streammarker35
EditBegin "option" 
Identity 
#Camera perspShape
Clipping 0.1 10000
Projection "perspective" "fov" [54.4322]
ScreenWindow -1 1 -0.5625 0.5625
Shutter 0 0
ConcatTransform [ -0.754709 -0.354799 -0.551843 1.46522e-09  -9.05851e-09 0.841149 -0.540803 -9.22512e-11  -0.656059 0.40815 0.634823 1.46381e-09  1.5803 -2.15302 19.1414 1 ]
Camera "world" "float[2] shutteropening" [0 1]
EditEnd 
##streammarker36
EditBegin "option" 
Identity 
#Camera perspShape
Clipping 0.1 10000
Projection "perspective" "fov" [54.4322]
ScreenWindow -1 1 -0.5625 0.5625
Shutter 0 0
ConcatTransform [ -0.811064 -0.300736 -0.50173 3.91857e-10  1.54684e-08 0.857721 -0.514116 -2.3604e-11  -0.584958 0.416981 0.695666 3.31169e-10  1.7003 -2.32415 18.9444 1 ]
Camera "world" "float[2] shutteropening" [0 1]
EditEnd 
##streammarker37
EditBegin "option" 
Identity 
#Camera perspShape
Clipping 0.1 10000
Projection "perspective" "fov" [54.4322]
ScreenWindow -1 1 -0.5625 0.5625
Shutter 0 0
ConcatTransform [ -0.82708 -0.288976 -0.482111 -3.45028e-10  -1.55056e-08 0.857721 -0.514115 2.07905e-11  -0.562083 0.425215 0.709404 -2.76418e-10  1.73445 -2.34881 18.9033 1 ]
Camera "world" "float[2] shutteropening" [0 1]
EditEnd 
##streammarker38
EditBegin "option" 
Identity 
#Camera perspShape
Clipping 0.1 10000
Projection "perspective" "fov" [54.4322]
ScreenWindow -1 1 -0.5625 0.5625
Shutter 0 0
ConcatTransform [ -0.877983 -0.215372 -0.427506 -3.8578e-10  -9.72328e-09 0.89307 -0.449917 2.06212e-11  -0.478692 0.395019 0.784101 -2.56955e-10  1.84317 -2.6267 18.5675 1 ]
Camera "world" "float[2] shutteropening" [0 1]
EditEnd 
##streammarker39
EditBegin "option" 
Identity 
#Camera perspShape
Clipping 0.1 10000
Projection "perspective" "fov" [54.4322]
ScreenWindow -1 1 -0.5625 0.5625
Shutter 0 0
ConcatTransform [ -0.891007 -0.200001 -0.407562 1.62511e-09  -3.26466e-09 0.897733 -0.44054 -8.5238e-11  -0.45399 0.392524 0.799886 1.02298e-09  1.87103 -2.67527 18.4933 1 ]
Camera "world" "float[2] shutteropening" [0 1]
EditEnd 
##streammarker40
EditBegin "option" 
Identity 
#Camera perspShape
Clipping 0.1 10000
Projection "perspective" "fov" [54.4322]
ScreenWindow -1 1 -0.5625 0.5625
Shutter 0 0
ConcatTransform [ -0.897258 -0.194501 -0.396354 7.25075e-10  -9.80828e-09 0.897733 -0.44054 1.85845e-09  -0.441506 0.395278 0.805498 -2.60683e-09  1.88442 -2.68682 18.4697 1 ]
Camera "world" "float[2] shutteropening" [0 1]
EditEnd 
##streammarker41
EditBegin "option" 
Identity 
#Camera perspShape
Clipping 0.1 10000
Projection "perspective" "fov" [54.4322]
ScreenWindow -1 1 -0.5625 0.5625
Shutter 0 0
ConcatTransform [ -0.903335 -0.18492 -0.387027 1.89241e-09  1.64419e-08 0.902297 -0.431115 -9.73418e-11  -0.428935 0.389442 0.815077 1.12411e-09  1.89745 -2.72289 18.4177 1 ]
Camera "world" "float[2] shutteropening" [0 1]
EditEnd 
##streammarker42
EditBegin "option" 
Identity 
#Camera perspShape
Clipping 0.1 10000
Projection "perspective" "fov" [54.4322]
ScreenWindow -1 1 -0.5625 0.5625
Shutter 0 0
ConcatTransform [ -0.906308 -0.182197 -0.381327 -4.52818e-11  -5.21659e-08 0.902297 -0.431115 1.59024e-10  -0.422618 0.390723 0.817759 9.71072e-11  1.90382 -2.72861 18.4057 1 ]
Camera "world" "float[2] shutteropening" [0 1]
EditEnd 
##streammarker43
EditBegin "option" 
Identity 
#Camera perspShape
Clipping 0.1 10000
Projection "perspective" "fov" [54.4322]
ScreenWindow -1 1 -0.5625 0.5625
Shutter 0 0
ConcatTransform [ -0.91212 -0.176724 -0.369872 3.56934e-10  -3.80059e-08 0.902297 -0.431115 -1.2901e-09  -0.409923 0.393229 0.823003 -7.94214e-10  1.91628 -2.74011 18.3816 1 ]
Camera "world" "float[2] shutteropening" [0 1]
EditEnd 
##streammarker44
EditBegin "option" 
Identity 
#Camera perspShape
Clipping 0.1 10000
Projection "perspective" "fov" [54.4322]
ScreenWindow -1 1 -0.5625 0.5625
Shutter 0 0
ConcatTransform [ -0.92321 -0.165676 -0.346748 -3.90849e-10  0 0.902297 -0.431115 1.50162e-09  -0.384295 0.39801 0.83301 9.38955e-10  1.94009 -2.76333 18.333 1 ]
Camera "world" "float[2] shutteropening" [0 1]
EditEnd 
##streammarker45
EditBegin "option" 
Identity 
#Camera perspShape
Clipping 0.1 10000
Projection "perspective" "fov" [54.4322]
ScreenWindow -1 1 -0.5625 0.5625
Shutter 0 0
ConcatTransform [ -0.947768 -0.134487 -0.28922 -1.23082e-09  4.15242e-08 0.906762 -0.421643 5.75752e-09  -0.318959 0.39962 0.8594 3.65731e-09  1.99296 -2.84449 18.1794 1 ]
Camera "world" "float[2] shutteropening" [0 1]
EditEnd 
##streammarker46
EditBegin "option" 
Identity 
#Camera perspShape
Clipping 0.1 10000
Projection "perspective" "fov" [54.4322]
ScreenWindow -1 1 -0.5625 0.5625
Shutter 0 0
ConcatTransform [ -0.972776 -0.0888294 -0.214048 2.07136e-10  1.76744e-08 0.923623 -0.383302 -1.42723e-09  -0.231748 0.372867 0.898478 -8.69467e-10  2.04714 -2.99949 17.889 1 ]
Camera "world" "float[2] shutteropening" [0 1]
EditEnd 
##streammarker47
EditBegin "option" 
Identity 
#Camera perspShape
Clipping 0.1 10000
Projection "perspective" "fov" [54.4322]
ScreenWindow -1 1 -0.5625 0.5625
Shutter 0 0
ConcatTransform [ -0.988756 -0.0529507 -0.139846 -4.64514e-10  2.86994e-08 0.935207 -0.354101 5.21949e-09  -0.149535 0.35012 0.924692 3.07145e-09  2.0822 -3.11556 17.6321 1 ]
Camera "world" "float[2] shutteropening" [0 1]
EditEnd 
##streammarker48
EditBegin "option" 
Identity 
#Camera perspShape
Clipping 0.1 10000
Projection "perspective" "fov" [54.4322]
ScreenWindow -1 1 -0.5625 0.5625
Shutter 0 0
ConcatTransform [ -0.994881 -0.0337972 -0.0952371 -1.68664e-10  -1.23388e-08 0.942418 -0.334438 2.9074e-09  -0.101056 0.332726 0.937593 1.66047e-09  2.09592 -3.18116 17.4703 1 ]
Camera "world" "float[2] shutteropening" [0 1]
EditEnd 
##streammarker49
EditBegin "option" 
Identity 
#Camera perspShape
Clipping 0.1 10000
Projection "perspective" "fov" [54.4322]
ScreenWindow -1 1 -0.5625 0.5625
Shutter 0 0
ConcatTransform [ -0.998971 0.0119995 0.0437478 -2.49626e-08  -5.42962e-09 0.964381 -0.264519 9.85149e-10  0.045363 0.264246 0.963388 5.91037e-09  2.10698 -3.35479 16.936 1 ]
Camera "world" "float[2] shutteropening" [0 1]
EditEnd 
##streammarker50
EditBegin "option" 
Identity 
#Camera perspShape
Clipping 0.1 10000
Projection "perspective" "fov" [54.4322]
ScreenWindow -1 1 -0.5625 0.5625
Shutter 0 0
ConcatTransform [ -0.984196 0.034209 0.173749 0  -2.72302e-08 0.981164 -0.193179 0  0.177085 0.190126 0.965657 0  2.07802 -3.46087 16.4153 1 ]
Camera "world" "float[2] shutteropening" [0 1]
EditEnd 
##streammarker51
EditBegin "option" 
Identity 
#Camera perspShape
Clipping 0.1 10000
Projection "perspective" "fov" [54.4322]
ScreenWindow -1 1 -0.5625 0.5625
Shutter 0 0
ConcatTransform [ -0.962218 0.0385449 0.269538 5.16445e-10  -2.4089e-08 0.989929 -0.141564 5.08505e-09  0.27228 0.136215 0.952528 1.82508e-09  2.03327 -3.50121 16.0347 1 ]
Camera "world" "float[2] shutteropening" [0 1]
EditEnd 
##streammarker52
EditBegin "option" 
Identity 
#Camera perspShape
Clipping 0.1 10000
Projection "perspective" "fov" [54.4322]
ScreenWindow -1 1 -0.5625 0.5625
Shutter 0 0
ConcatTransform [ -0.949972 0.0377303 0.310048 9.54153e-09  -6.6968e-08 0.992677 -0.120801 6.25743e-09  0.312335 0.114758 0.943015 -3.50787e-09  2.00811 -3.50935 15.8773 1 ]
Camera "world" "float[2] shutteropening" [0 1]
EditEnd 
##streammarker53
EditBegin "option" 
Identity 
#Camera perspShape
Clipping 0.1 10000
Projection "perspective" "fov" [54.4322]
ScreenWindow -1 1 -0.5625 0.5625
Shutter 0 0
ConcatTransform [ -0.920505 0.0227532 0.390068 4.83505e-10  -2.73309e-09 0.998303 -0.0582323 -3.65029e-12  0.390731 0.0536031 0.918943 -1.37253e-10  1.94729 -3.49824 15.4919 1 ]
Camera "world" "float[2] shutteropening" [0 1]
EditEnd 
##streammarker54
EditBegin "option" 
Identity 
#Camera perspShape
Clipping 0.1 10000
Projection "perspective" "fov" [54.4322]
ScreenWindow -1 1 -0.5625 0.5625
Shutter 0 0
ConcatTransform [ -0.91212 0.0195842 0.409455 -1.61593e-09  0 0.998858 -0.0477751 1.0033e-11  0.409923 0.0435766 0.911079 4.96252e-10  1.92993 -3.49364 15.4147 1 ]
Camera "world" "float[2] shutteropening" [0 1]
EditEnd 
##streammarker55
EditBegin "option" 
Identity 
#Camera perspShape
Clipping 0.1 10000
Projection "perspective" "fov" [54.4322]
ScreenWindow -1 1 -0.5625 0.5625
Shutter 0 0
ConcatTransform [ -0.897258 0.0164737 0.441198 -9.26856e-10  -9.19653e-10 0.999304 -0.0373126 4.50586e-12  0.441506 0.0334791 0.896634 3.21576e-10  1.89912 -3.48879 15.3114 1 ]
Camera "world" "float[2] shutteropening" [0 1]
EditEnd 
##streammarker56
EditBegin "option" 
Identity 
#Camera perspShape
Clipping 0.1 10000
Projection "perspective" "fov" [54.4322]
ScreenWindow -1 1 -0.5625 0.5625
Shutter 0 0
ConcatTransform [ -0.894154 0.0167071 0.447447 -2.20739e-09  4.59862e-10 0.999304 -0.0373126 1.07318e-11  0.447759 0.0333632 0.893532 7.83937e-10  1.89268 -3.48929 15.2982 1 ]
Camera "world" "float[2] shutteropening" [0 1]
EditEnd 
##streammarker57
EditBegin "option" 
Identity 
#Camera perspShape
Clipping 0.1 10000
Projection "perspective" "fov" [54.4322]
ScreenWindow -1 1 -0.5625 0.5625
Shutter 0 0
ConcatTransform [ -0.891007 0.0169396 0.453674 6.81643e-09  1.83959e-09 0.999304 -0.0373126 1.41892e-10  0.453991 0.0332458 0.890386 -6.58115e-09  1.88615 -3.48978 15.285 1 ]
Camera "world" "float[2] shutteropening" [0 1]
EditEnd 
##streammarker58
EditBegin "option" 
Identity 
#Camera perspShape
Clipping 0.1 10000
Projection "perspective" "fov" [54.4322]
ScreenWindow -1 1 -0.5625 0.5625
Shutter 0 0
ConcatTransform [ -0.887815 0.0171714 0.459879 5.10068e-09  -1.83972e-09 0.999304 -0.0373126 1.51281e-10  0.4602 0.0331267 0.887197 -6.01441e-09  1.87952 -3.49027 15.2719 1 ]
Camera "world" "float[2] shutteropening" [0 1]
EditEnd 
##streammarker59
EditBegin "option" 
Identity 
#Camera perspShape
Clipping 0.1 10000
Projection "perspective" "fov" [54.4322]
ScreenWindow -1 1 -0.5625 0.5625
Shutter 0 0
ConcatTransform [ -0.884581 0.0174021 0.466062 -4.4336e-09  1.37988e-09 0.999304 -0.0373126 2.15593e-11  0.466387 0.0330061 0.883965 1.68483e-09  1.87281 -3.49076 15.2588 1 ]
Camera "world" "float[2] shutteropening" [0 1]
EditEnd 
##streammarker60
EditBegin "option" 
Identity 
#Camera perspShape
Clipping 0.1 10000
Projection "perspective" "fov" [54.4322]
ScreenWindow -1 1 -0.5625 0.5625
Shutter 0 0
ConcatTransform [ -0.867765 0.0185433 0.496628 6.4625e-10  0 0.999304 -0.0373126 -3.14358e-12  0.496974 0.0323786 0.867161 -2.7309e-10  1.83786 -3.49317 15.194 1 ]
Camera "world" "float[2] shutteropening" [0 1]
EditEnd 
##streammarker61
EditBegin "option" 
Identity 
#Camera perspShape
Clipping 0.1 10000
Projection "perspective" "fov" [54.4322]
ScreenWindow -1 1 -0.5625 0.5625
Shutter 0 0
ConcatTransform [ -0.857167 0.0192174 0.514679 3.65802e-09  4.60172e-10 0.999304 -0.0373126 -1.77975e-11  0.515038 0.0319832 0.85657 -1.64188e-09  1.81582 -3.4946 15.1558 1 ]
Camera "world" "float[2] shutteropening" [0 1]
EditEnd 
##streammarker62
EditBegin "option" 
Identity 
#Camera perspShape
Clipping 0.1 10000
Projection "perspective" "fov" [54.4322]
ScreenWindow -1 1 -0.5625 0.5625
Shutter 0 0
ConcatTransform [ -0.827081 0.0209728 0.561692 -1.00228e-09  4.60332e-09 0.999304 -0.0373126 4.87923e-12  0.562083 0.0308606 0.826505 5.23152e-10  1.75317 -3.49832 15.0562 1 ]
Camera "world" "float[2] shutteropening" [0 1]
EditEnd 
##streammarker63
EditBegin "option" 
Identity 
#Camera perspShape
Clipping 0.1 10000
Projection "perspective" "fov" [54.4322]
ScreenWindow -1 1 -0.5625 0.5625
Shutter 0 0
ConcatTransform [ -0.80696 0.022037 0.590194 2.17119e-09  4.60413e-10 0.999304 -0.0373126 -1.05737e-11  0.590606 0.0301098 0.806398 -1.23815e-09  1.71122 -3.50058 14.9958 1 ]
Camera "world" "float[2] shutteropening" [0 1]
EditEnd 
##streammarker64
EditBegin "option" 
Identity 
#Camera perspShape
Clipping 0.1 10000
Projection "perspective" "fov" [54.4322]
ScreenWindow -1 1 -0.5625 0.5625
Shutter 0 0
ConcatTransform [ -0.772734 0.0236835 0.634288 2.44214e-10  0 0.999304 -0.0373126 -1.19009e-12  0.634731 0.0288327 0.772195 -1.59353e-10  1.63979 -3.50407 14.9022 1 ]
Camera "world" "float[2] shutteropening" [0 1]
EditEnd 
##streammarker65
EditBegin "option" 
Identity 
#Camera perspShape
Clipping 0.1 10000
Projection "perspective" "fov" [54.4322]
ScreenWindow -1 1 -0.5625 0.5625
Shutter 0 0
ConcatTransform [ -0.740804 0.0180331 0.671479 -1.34727e-09  -1.15526e-09 0.99964 -0.0268461 2.12065e-10  0.671721 0.0198877 0.740538 -3.94195e-09  1.57309 -3.49347 14.7871 1 ]
Camera "world" "float[2] shutteropening" [0 1]
EditEnd 
##streammarker66
EditBegin "option" 
Identity 
#Camera perspShape
Clipping 0.1 10000
Projection "perspective" "fov" [54.4322]
ScreenWindow -1 1 -0.5625 0.5625
Shutter 0 0
ConcatTransform [ -0.716911 0.0114172 0.697072 -2.17086e-09  0 0.999866 -0.0163766 4.66892e-12  0.697165 0.0117405 0.716815 1.71345e-09  1.52313 -3.48044 14.6966 1 ]
Camera "world" "float[2] shutteropening" [0 1]
EditEnd 
##streammarker67
EditBegin "option" 
Identity 
#Camera perspShape
Clipping 0.1 10000
Projection "perspective" "fov" [54.4322]
ScreenWindow -1 1 -0.5625 0.5625
Shutter 0 0
ConcatTransform [ -0.618408 0.0128697 0.785752 -4.17587e-10  -2.31809e-10 0.999866 -0.0163766 9.00007e-13  0.785857 0.0101274 0.618325 4.41802e-10  1.31693 -3.48353 14.5079 1 ]
Camera "world" "float[2] shutteropening" [0 1]
EditEnd 
##streammarker68
EditBegin "option" 
Identity 
#Camera perspShape
Clipping 0.1 10000
Projection "perspective" "fov" [54.4322]
ScreenWindow -1 1 -0.5625 0.5625
Shutter 0 0
ConcatTransform [ -0.584958 0.0132825 0.810955 9.06963e-10  -2.31815e-10 0.999866 -0.0163766 -1.95632e-12  0.811064 0.00957964 0.584879 -1.05335e-09  1.24682 -3.4844 14.4543 1 ]
Camera "world" "float[2] shutteropening" [0 1]
EditEnd 
##streammarker69
EditBegin "option" 
Identity 
#Camera perspShape
Clipping 0.1 10000
Projection "perspective" "fov" [54.4322]
ScreenWindow -1 1 -0.5625 0.5625
Shutter 0 0
ConcatTransform [ -0.556296 0.0136087 0.830873 -7.44725e-10  -8.1137e-10 0.999866 -0.0163766 1.60757e-12  0.830985 0.00911023 0.556221 9.36023e-10  1.18672 -3.4851 14.4118 1 ]
Camera "world" "float[2] shutteropening" [0 1]
EditEnd 
##streammarker70
EditBegin "option" 
Identity 
#Camera perspShape
Clipping 0.1 10000
Projection "perspective" "fov" [54.4322]
ScreenWindow -1 1 -0.5625 0.5625
Shutter 0 0
ConcatTransform [ -0.52101 0.0139782 0.853436 -3.20484e-10  -1.73869e-09 0.999866 -0.0163766 6.92495e-13  0.853551 0.00853237 0.52094 4.43887e-10  1.1127 -3.48589 14.3636 1 ]
Camera "world" "float[2] shutteropening" [0 1]
EditEnd 
##streammarker71
EditBegin "option" 
Identity 
#Camera perspShape
Clipping 0.1 10000
Projection "perspective" "fov" [54.4322]
ScreenWindow -1 1 -0.5625 0.5625
Shutter 0 0
ConcatTransform [ -0.496974 0.0232961 0.867453 -3.3769e-09  1.38688e-09 0.99964 -0.0268461 2.25578e-10  0.867765 0.0133418 0.496795 -2.33247e-09  1.06226 -3.50467 14.3699 1 ]
Camera "world" "float[2] shutteropening" [0 1]
EditEnd 
##streammarker72
EditBegin "option" 
Identity 
#Camera perspShape
Clipping 0.1 10000
Projection "perspective" "fov" [54.4322]
ScreenWindow -1 1 -0.5625 0.5625
Shutter 0 0
ConcatTransform [ -0.4602 0.0331267 0.887197 -5.38309e-10  -1.15223e-09 0.999304 -0.0373126 2.64367e-12  0.887815 0.0171713 0.459879 8.84652e-10  0.98506 -3.52417 14.3638 1 ]
Camera "world" "float[2] shutteropening" [0 1]
EditEnd 
##streammarker73
EditBegin "option" 
Identity 
#Camera perspShape
Clipping 0.1 10000
Projection "perspective" "fov" [54.4322]
ScreenWindow -1 1 -0.5625 0.5625
Shutter 0 0
ConcatTransform [ -0.390731 0.0439772 0.919454 -7.1711e-11  -1.37837e-09 0.998858 -0.0477751 4.51242e-13  0.920505 0.0186672 0.390285 1.44795e-10  0.839137 -3.54549 14.3308 1 ]
Camera "world" "float[2] shutteropening" [0 1]
EditEnd 
##streammarker74
EditBegin "option" 
Identity 
#Camera perspShape
Clipping 0.1 10000
Projection "perspective" "fov" [54.4322]
ScreenWindow -1 1 -0.5625 0.5625
Shutter 0 0
ConcatTransform [ -0.364877 0.0444813 0.929993 7.2296e-09  -4.59471e-10 0.998858 -0.0477751 -4.47578e-10  0.931056 0.017432 0.36446 4.13487e-09  0.784802 -3.54657 14.3081 1 ]
Camera "world" "float[2] shutteropening" [0 1]
EditEnd 
##streammarker75
EditBegin "option" 
Identity 
#Camera perspShape
Clipping 0.1 10000
Projection "perspective" "fov" [54.4322]
ScreenWindow -1 1 -0.5625 0.5625
Shutter 0 0
ConcatTransform [ -0.278991 0.0559201 0.958664 -3.5277e-09  -1.83197e-09 0.998303 -0.0582323 4.51865e-10  0.960294 0.0162463 0.278518 -2.3591e-09  0.604207 -3.56879 14.2824 1 ]
Camera "world" "float[2] shutteropening" [0 1]
EditEnd 
##streammarker76
EditBegin "option" 
Identity 
#Camera perspShape
Clipping 0.1 10000
Projection "perspective" "fov" [54.4322]
ScreenWindow -1 1 -0.5625 0.5625
Shutter 0 0
ConcatTransform [ -0.258819 0.0562481 0.964287 -8.31596e-09  2.061e-09 0.998303 -0.0582323 4.5475e-10  0.965926 0.0150716 0.25838 -1.35469e-09  0.56177 -3.5695 14.2702 1 ]
Camera "world" "float[2] shutteropening" [0 1]
EditEnd 
##streammarker77
EditBegin "option" 
Identity 
#Camera perspShape
Clipping 0.1 10000
Projection "perspective" "fov" [54.4322]
ScreenWindow -1 1 -0.5625 0.5625
Shutter 0 0
ConcatTransform [ -0.211325 0.0569171 0.975757 -4.02889e-09  1.14504e-10 0.998303 -0.0582323 4.56413e-10  0.977416 0.0123059 0.210966 -8.23333e-10  0.461825 -3.57096 14.2453 1 ]
Camera "world" "float[2] shutteropening" [0 1]
EditEnd 
##streammarker78
EditBegin "option" 
Identity 
#Camera perspShape
Clipping 0.1 10000
Projection "perspective" "fov" [54.4322]
ScreenWindow -1 1 -0.5625 0.5625
Shutter 0 0
ConcatTransform [ -0.190809 0.0571624 0.979961 7.93787e-11  1.14505e-09 0.998303 -0.0582323 -6.18918e-13  0.981627 0.0111112 0.190485 -3.5276e-10  0.41864 -3.57149 14.236 1 ]
Camera "world" "float[2] shutteropening" [0 1]
EditEnd 
##streammarker79
EditBegin "option" 
Identity 
#Camera perspShape
Clipping 0.1 10000
Projection "perspective" "fov" [54.4322]
ScreenWindow -1 1 -0.5625 0.5625
Shutter 0 0
ConcatTransform [ -0.177085 0.057312 0.982526 8.19744e-09  1.03055e-09 0.998303 -0.0582323 -4.55271e-10  0.984196 0.0103121 0.176784 1.69014e-09  0.389747 -3.57182 14.2304 1 ]
Camera "world" "float[2] shutteropening" [0 1]
EditEnd 
##streammarker80
EditBegin "option" 
Identity 
#Camera perspShape
Clipping 0.1 10000
Projection "perspective" "fov" [54.4322]
ScreenWindow -1 1 -0.5625 0.5625
Shutter 0 0
ConcatTransform [ -0.163326 0.0574504 0.984898 2.37364e-11  -4.58026e-10 0.998303 -0.0582323 -1.86166e-13  0.986572 0.00951085 0.163049 -1.23839e-10  0.360777 -3.57213 14.2252 1 ]
Camera "world" "float[2] shutteropening" [0 1]
EditEnd 
##streammarker81
EditBegin "option" 
Identity 
#Camera perspShape
Clipping 0.1 10000
Projection "perspective" "fov" [54.4322]
ScreenWindow -1 1 -0.5625 0.5625
Shutter 0 0
ConcatTransform [ -0.163326 0.0574504 0.984898 2.37364e-11  -4.58026e-10 0.998303 -0.0582323 -1.86166e-13  0.986572 0.00951085 0.163049 -1.23839e-10  0.360777 -3.57213 14.2252 1 ]
Camera "world" "float[2] shutteropening" [0 1]
EditEnd 
##streammarker82
EditBegin "option" 
Identity 
#Camera perspShape
Clipping 0.1 10000
Projection "perspective" "fov" [54.4322]
ScreenWindow -1 1 -0.5625 0.5625
Shutter 0 0
ConcatTransform [ -0.170209 0.0573825 0.983736 8.1441e-09  -1.14506e-09 0.998303 -0.0582323 -4.54946e-10  0.985408 0.00991168 0.169921 1.96655e-09  0.375271 -3.57198 14.2278 1 ]
Camera "world" "float[2] shutteropening" [0 1]
EditEnd 
##streammarker83
EditBegin "option" 
Identity 
#Camera perspShape
Clipping 0.1 10000
Projection "perspective" "fov" [54.4322]
ScreenWindow -1 1 -0.5625 0.5625
Shutter 0 0
ConcatTransform [ -0.183951 0.0572386 0.981267 -8.46849e-11  -2.29011e-10 0.998303 -0.0582323 6.61157e-13  0.982935 0.0107119 0.183639 3.90893e-10  0.404203 -3.57166 14.2332 1 ]
Camera "world" "float[2] shutteropening" [0 1]
EditEnd 
##streammarker84
EditBegin "option" 
Identity 
#Camera perspShape
Clipping 0.1 10000
Projection "perspective" "fov" [54.4322]
ScreenWindow -1 1 -0.5625 0.5625
Shutter 0 0
ConcatTransform [ -0.238533 0.0667005 0.968841 -2.00076e-11  -9.1288e-10 0.997638 -0.0686831 1.82291e-13  0.971134 0.0163832 0.23797 7.03559e-11  0.519087 -3.58922 14.2964 1 ]
Camera "world" "float[2] shutteropening" [0 1]
EditEnd 
##streammarker85
EditBegin "option" 
Identity 
#Camera perspShape
Clipping 0.1 10000
Projection "perspective" "fov" [54.4322]
ScreenWindow -1 1 -0.5625 0.5625
Shutter 0 0
ConcatTransform [ -0.258819 0.0764302 0.962897 8.10562e-09  3.63846e-09 0.996864 -0.0791264 -4.4817e-10  0.965926 0.0204794 0.258008 2.04756e-09  0.56177 -3.60699 14.3454 1 ]
Camera "world" "float[2] shutteropening" [0 1]
EditEnd 
##streammarker86
EditBegin "option" 
Identity 
#Camera perspShape
Clipping 0.1 10000
Projection "perspective" "fov" [54.4322]
ScreenWindow -1 1 -0.5625 0.5625
Shutter 0 0
ConcatTransform [ -0.285688 0.0858283 0.954471 -1.05401e-10  2.71867e-09 0.995981 -0.089561 1.24078e-12  0.958323 0.0255865 0.28454 3.05261e-10  0.618295 -3.62366 14.3997 1 ]
Camera "world" "float[2] shutteropening" [0 1]
EditEnd 
##streammarker87
EditBegin "option" 
Identity 
#Camera perspShape
Clipping 0.1 10000
Projection "perspective" "fov" [54.4322]
ScreenWindow -1 1 -0.5625 0.5625
Shutter 0 0
ConcatTransform [ -0.338738 0.103873 0.935129 -3.84873e-09  -2.24764e-09 0.993887 -0.1104 8.93414e-10  0.940881 0.0373966 0.336667 -9.39315e-10  0.729854 -3.65427 14.5133 1 ]
Camera "world" "float[2] shutteropening" [0 1]
EditEnd 
##streammarker88
EditBegin "option" 
Identity 
#Camera perspShape
Clipping 0.1 10000
Projection "perspective" "fov" [54.4322]
ScreenWindow -1 1 -0.5625 0.5625
Shutter 0 0
ConcatTransform [ -0.377841 0.121465 0.917869 -4.22807e-10  -4.45713e-10 0.991357 -0.13119 7.18358e-12  0.925871 0.0495689 0.374575 8.92389e-10  0.812048 -3.68242 14.6222 1 ]
Camera "world" "float[2] shutteropening" [0 1]
EditEnd 
##streammarker89
EditBegin "option" 
Identity 
#Camera perspShape
Clipping 0.1 10000
Projection "perspective" "fov" [54.4322]
ScreenWindow -1 1 -0.5625 0.5625
Shutter 0 0
ConcatTransform [ -0.397148 0.1204 0.909823 7.24859e-09  0 0.991357 -0.13119 -8.59726e-10  0.917755 0.0521017 0.393715 3.7046e-09  0.85262 -3.68013 14.6395 1 ]
Camera "world" "float[2] shutteropening" [0 1]
EditEnd 
##streammarker90
EditBegin "option" 
Identity 
#Camera perspShape
Clipping 0.1 10000
Projection "perspective" "fov" [54.4322]
ScreenWindow -1 1 -0.5625 0.5625
Shutter 0 0
ConcatTransform [ -0.416281 0.138133 0.898682 2.2459e-10  -4.4165e-09 0.988392 -0.151922 -4.39187e-12  0.909236 0.0632424 0.411449 -4.21907e-10  0.892818 -3.70708 14.735 1 ]
Camera "world" "float[2] shutteropening" [0 1]
EditEnd 
##streammarker91
EditBegin "option" 
Identity 
#Camera perspShape
Clipping 0.1 10000
Projection "perspective" "fov" [54.4322]
ScreenWindow -1 1 -0.5625 0.5625
Shutter 0 0
ConcatTransform [ -0.447759 0.135842 0.883775 6.49493e-10  1.76628e-09 0.988392 -0.151922 -1.26846e-11  0.894154 0.0680247 0.442562 -1.1127e-09  0.958935 -3.70217 14.7669 1 ]
Camera "world" "float[2] shutteropening" [0 1]
EditEnd 
##streammarker92
EditBegin "option" 
Identity 
#Camera perspShape
Clipping 0.1 10000
Projection "perspective" "fov" [54.4322]
ScreenWindow -1 1 -0.5625 0.5625
Shutter 0 0
ConcatTransform [ -0.466387 0.143536 0.872858 -6.03523e-10  1.75773e-09 0.986747 -0.162264 1.25535e-11  0.884581 0.0756779 0.460206 9.81e-10  0.99805 -3.71258 14.826 1 ]
Camera "world" "float[2] shutteropening" [0 1]
EditEnd 
##streammarker93
EditBegin "option" 
Identity 
#Camera perspShape
Clipping 0.1 10000
Projection "perspective" "fov" [54.4322]
ScreenWindow -1 1 -0.5625 0.5625
Shutter 0 0
ConcatTransform [ -0.532876 0.163467 0.830254 6.64538e-10  1.73024e-09 0.981164 -0.193179 -1.63166e-11  0.846193 0.10294 0.522839 -8.99748e-10  1.1376 -3.73484 15.0237 1 ]
Camera "world" "float[2] shutteropening" [0 1]
EditEnd 
##streammarker94
EditBegin "option" 
Identity 
#Camera perspShape
Clipping 0.1 10000
Projection "perspective" "fov" [54.4322]
ScreenWindow -1 1 -0.5625 0.5625
Shutter 0 0
ConcatTransform [ -0.618408 0.151811 0.771054 1.75379e-11  -5.18402e-09 0.981164 -0.193179 -4.2966e-13  0.785857 0.119463 0.60676 -1.87579e-11  1.31693 -3.70999 15.15 1 ]
Camera "world" "float[2] shutteropening" [0 1]
EditEnd 
##streammarker95
EditBegin "option" 
Identity 
#Camera perspShape
Clipping 0.1 10000
Projection "perspective" "fov" [54.4322]
ScreenWindow -1 1 -0.5625 0.5625
Shutter 0 0
ConcatTransform [ -0.650774 0.146675 0.744969 4.49758e-11  -1.03613e-08 0.981164 -0.193179 -1.10104e-12  0.759271 0.125716 0.638516 -4.38809e-11  1.38473 -3.69906 15.2055 1 ]
Camera "world" "float[2] shutteropening" [0 1]
EditEnd 
##streammarker96
EditBegin "option" 
Identity 
#Camera perspShape
Clipping 0.1 10000
Projection "perspective" "fov" [54.4322]
ScreenWindow -1 1 -0.5625 0.5625
Shutter 0 0
ConcatTransform [ -0.750111 0.127751 0.648855 -1.82896e-09  3.44363e-09 0.981164 -0.193179 4.46835e-11  0.661312 0.144906 0.735982 1.30989e-09  1.59254 -3.65884 15.4097 1 ]
Camera "world" "float[2] shutteropening" [0 1]
EditEnd 
##streammarker97
EditBegin "option" 
Identity 
#Camera perspShape
Clipping 0.1 10000
Projection "perspective" "fov" [54.4322]
ScreenWindow -1 1 -0.5625 0.5625
Shutter 0 0
ConcatTransform [ -0.78152 0.12052 0.612128 2.12017e-11  -1.03161e-08 0.981164 -0.193179 6.89059e-10  0.62388 0.150973 0.766799 -4.46945e-09  1.65814 -3.6435 15.4877 1 ]
Camera "world" "float[2] shutteropening" [0 1]
EditEnd 
##streammarker98
EditBegin "option" 
Identity 
#Camera perspShape
Clipping 0.1 10000
Projection "perspective" "fov" [54.4322]
ScreenWindow -1 1 -0.5625 0.5625
Shutter 0 0
ConcatTransform [ -0.867765 0.0960048 0.487613 5.85834e-09  3.41464e-09 0.981164 -0.193179 1.35904e-09  0.496974 0.167634 0.85142 -6.14413e-09  1.83786 -3.59153 15.7516 1 ]
Camera "world" "float[2] shutteropening" [0 1]
EditEnd 
##streammarker99
EditBegin "option" 
Identity 
#Camera perspShape
Clipping 0.1 10000
Projection "perspective" "fov" [54.4322]
ScreenWindow -1 1 -0.5625 0.5625
Shutter 0 0
ConcatTransform [ -0.897258 0.0716407 0.435655 8.39926e-09  5.36841e-08 0.986747 -0.162265 -9.50321e-09  0.441506 0.145593 0.885367 1.42531e-09  1.89912 -3.55983 15.7549 1 ]
Camera "world" "float[2] shutteropening" [0 1]
EditEnd 
##streammarker100
EditBegin "option" 
Identity 
#Camera perspShape
Clipping 0.1 10000
Projection "perspective" "fov" [54.4322]
ScreenWindow -1 1 -0.5625 0.5625
Shutter 0 0
ConcatTransform [ -0.972776 0.0231713 0.230585 2.30607e-08  3.87846e-08 0.994989 -0.0999857 5.61052e-09  0.231748 0.0972638 0.967901 -4.3697e-09  2.05485 -3.48694 15.9733 1 ]
Camera "world" "float[2] shutteropening" [0 1]
EditEnd 
##streammarker101
EditBegin "option" 
Identity 
#Camera perspShape
Clipping 0.1 10000
Projection "perspective" "fov" [54.4322]
ScreenWindow -1 1 -0.5625 0.5625
Shutter 0 0
