##RenderMan RIB
version 3.04
Option "rerender" "int[2] lodrange" [0 3]
##streammarker1069
EditBegin "option" 
Identity 
#Camera perspShape
Clipping 0.1 10000
Projection "perspective" "fov" [54.4322]
ScreenWindow -1 1 -0.5625 0.5625
Shutter 0 0
ConcatTransform [ -0.666532 -0.0968094 0.739163 1.17696e-08  -4.12086e-09 0.991532 0.129863 5.16399e-10  0.745476 -0.0865576 0.660888 -7.24819e-09  1.41772 -3.22508 4.72331 1 ]
Camera "world" "float[2] shutteropening" [0 1]
EditEnd 
##streammarker1070
EditBegin "option" 
Identity 
#Camera perspShape
Clipping 0.1 10000
Projection "perspective" "fov" [54.4322]
ScreenWindow -1 1 -0.5625 0.5625
Shutter 0 0
ConcatTransform [ -0.697165 -0.0557697 0.714738 2.60727e-09  -1.98951e-09 0.99697 0.0777918 6.65843e-11  0.716911 -0.0542337 0.695053 -1.45711e-09  1.48183 -3.32986 4.95538 1 ]
Camera "world" "float[2] shutteropening" [0 1]
EditEnd 
##streammarker1071
EditBegin "option" 
Identity 
#Camera perspShape
Clipping 0.1 10000
Projection "perspective" "fov" [54.4322]
ScreenWindow -1 1 -0.5625 0.5625
Shutter 0 0
ConcatTransform [ -0.726575 -0.00313769 0.68708 5.57951e-09  -4.6767e-10 0.99999 0.00456659 8.04564e-12  0.687087 -0.00331799 0.726567 -2.85144e-09  1.54334 -3.45043 5.26736 1 ]
Camera "world" "float[2] shutteropening" [0 1]
EditEnd 
##streammarker1072
EditBegin "option" 
Identity 
#Camera perspShape
Clipping 0.1 10000
Projection "perspective" "fov" [54.4322]
ScreenWindow -1 1 -0.5625 0.5625
Shutter 0 0
ConcatTransform [ -0.763796 0.0375865 0.644362 -4.01231e-09  -9.00973e-08 0.998303 -0.0582323 -1.2435e-08  0.645458 0.0444776 0.7625 -1.91707e-08  1.62113 -3.52966 5.57512 1 ]
Camera "world" "float[2] shutteropening" [0 1]
EditEnd 
##streammarker1073
EditBegin "option" 
Identity 
#Camera perspShape
Clipping 0.1 10000
Projection "perspective" "fov" [54.4322]
ScreenWindow -1 1 -0.5625 0.5625
Shutter 0 0
ConcatTransform [ -0.777146 0.0563628 0.626791 3.28571e-09  -3.97473e-08 0.995981 -0.089561 5.71006e-09  0.62932 0.0696021 0.774023 -8.30607e-09  1.649 -3.56081 5.72067 1 ]
Camera "world" "float[2] shutteropening" [0 1]
EditEnd 
##streammarker1074
EditBegin "option" 
Identity 
#Camera perspShape
Clipping 0.1 10000
Projection "perspective" "fov" [54.4322]
ScreenWindow -1 1 -0.5625 0.5625
Shutter 0 0
ConcatTransform [ -0.790155 0.0740401 0.608419 1.70122e-09  -1.04966e-07 0.992677 -0.120801 5.3111e-09  0.612907 0.0954517 0.784368 -7.62218e-09  1.67616 -3.58622 5.86757 1 ]
Camera "world" "float[2] shutteropening" [0 1]
EditEnd 
##streammarker1075
EditBegin "option" 
Identity 
#Camera perspShape
Clipping 0.1 10000
Projection "perspective" "fov" [54.4322]
ScreenWindow -1 1 -0.5625 0.5625
Shutter 0 0
ConcatTransform [ -0.794415 0.0859826 0.601259 -4.70363e-09  -1.31524e-07 0.989929 -0.141564 -9.4594e-09  0.607376 0.11246 0.786414 -6.15209e-09  1.68505 -3.60162 5.95448 1 ]
Camera "world" "float[2] shutteropening" [0 1]
EditEnd 
##streammarker1076
EditBegin "option" 
Identity 
#Camera perspShape
Clipping 0.1 10000
Projection "perspective" "fov" [54.4322]
ScreenWindow -1 1 -0.5625 0.5625
Shutter 0 0
ConcatTransform [ -0.798636 0.0914294 0.594829 -6.56455e-09  -3.14786e-08 0.988393 -0.151923 -1.31203e-08  0.601815 0.121331 0.789365 -8.71145e-09  1.69385 -3.60764 6.0039 1 ]
Camera "world" "float[2] shutteropening" [0 1]
EditEnd 
##streammarker1077
EditBegin "option" 
Identity 
#Camera perspShape
Clipping 0.1 10000
Projection "perspective" "fov" [54.4322]
ScreenWindow -1 1 -0.5625 0.5625
Shutter 0 0
ConcatTransform [ -0.798635 0.097653 0.59384 8.59511e-09  -3.08883e-08 0.986747 -0.162264 8.17174e-09  0.601815 0.12959 0.788051 2.63912e-08  1.69386 -3.61494 6.04171 1 ]
Camera "world" "float[2] shutteropening" [0 1]
EditEnd 
##streammarker1078
EditBegin "option" 
Identity 
#Camera perspShape
Clipping 0.1 10000
Projection "perspective" "fov" [54.4322]
ScreenWindow -1 1 -0.5625 0.5625
Shutter 0 0
ConcatTransform [ -0.802817 0.0967462 0.588323 -8.36404e-09  -3.01223e-08 0.986747 -0.162264 -1.66182e-08  0.596225 0.130269 0.792178 -1.12622e-08  1.70258 -3.61302 6.05341 1 ]
Camera "world" "float[2] shutteropening" [0 1]
EditEnd 
##streammarker1079
EditBegin "option" 
Identity 
#Camera perspShape
Clipping 0.1 10000
Projection "perspective" "fov" [54.4322]
ScreenWindow -1 1 -0.5625 0.5625
Shutter 0 0
ConcatTransform [ -0.802817 0.0967462 0.588323 -8.36404e-09  -3.01223e-08 0.986747 -0.162264 -1.66182e-08  0.596225 0.130269 0.792178 -1.12622e-08  1.70258 -3.61302 6.05341 1 ]
Camera "world" "float[2] shutteropening" [0 1]
EditEnd 
##streammarker1080
EditBegin "option" 
Identity 
#Camera perspShape
Clipping 0.1 10000
Projection "perspective" "fov" [54.4322]
ScreenWindow -1 1 -0.5625 0.5625
Shutter 0 0
ConcatTransform [ -0.802817 0.102902 0.587278 -6.2824e-10  -2.95567e-08 0.984994 -0.172588 4.3895e-09  0.596225 0.138557 0.79077 -7.1636e-09  1.70258 -3.6198 6.09128 1 ]
Camera "world" "float[2] shutteropening" [0 1]
EditEnd 
##streammarker1081
EditBegin "option" 
Identity 
#Camera perspShape
Clipping 0.1 10000
Projection "perspective" "fov" [54.4322]
ScreenWindow -1 1 -0.5625 0.5625
Shutter 0 0
ConcatTransform [ -0.811064 0.106985 0.575091 -2.17126e-09  2.75395e-08 0.983133 -0.182894 3.99667e-09  0.584958 0.148338 0.797383 -6.89575e-09  1.71978 -3.62181 6.15271 1 ]
Camera "world" "float[2] shutteropening" [0 1]
EditEnd 
##streammarker1082
EditBegin "option" 
Identity 
#Camera perspShape
Clipping 0.1 10000
Projection "perspective" "fov" [54.4322]
ScreenWindow -1 1 -0.5625 0.5625
Shutter 0 0
ConcatTransform [ -0.815128 0.105947 0.56951 -4.16806e-09  5.36341e-08 0.983133 -0.182894 1.38379e-09  0.579281 0.149082 0.801379 -8.50798e-09  1.72825 -3.61961 6.16455 1 ]
Camera "world" "float[2] shutteropening" [0 1]
EditEnd 
##streammarker1083
EditBegin "option" 
Identity 
#Camera perspShape
Clipping 0.1 10000
Projection "perspective" "fov" [54.4322]
ScreenWindow -1 1 -0.5625 0.5625
Shutter 0 0
ConcatTransform [ -0.819152 0.110803 0.562772 9.72786e-09  5.12092e-08 0.981163 -0.193179 1.92509e-08  0.573576 0.158243 0.803722 1.38928e-08  1.73664 -3.62289 6.21435 1 ]
Camera "world" "float[2] shutteropening" [0 1]
EditEnd 
##streammarker1084
EditBegin "option" 
Identity 
#Camera perspShape
Clipping 0.1 10000
Projection "perspective" "fov" [54.4322]
ScreenWindow -1 1 -0.5625 0.5625
Shutter 0 0
ConcatTransform [ -0.823136 0.115524 0.555968 -8.77186e-10  2.44301e-08 0.979087 -0.203443 -1.72778e-09  0.567844 0.167461 0.805922 -1.27155e-09  1.74495 -3.62551 6.26421 1 ]
Camera "world" "float[2] shutteropening" [0 1]
EditEnd 
##streammarker1085
EditBegin "option" 
Identity 
#Camera perspShape
Clipping 0.1 10000
Projection "perspective" "fov" [54.4322]
ScreenWindow -1 1 -0.5625 0.5625
Shutter 0 0
ConcatTransform [ -0.827081 0.120109 0.549101 1.29193e-08  -4.65838e-08 0.976903 -0.213684 -4.46006e-09  0.562083 0.176734 0.807977 1.41307e-08  1.75317 -3.62747 6.31413 1 ]
Camera "world" "float[2] shutteropening" [0 1]
EditEnd 
##streammarker1086
EditBegin "option" 
Identity 
#Camera perspShape
Clipping 0.1 10000
Projection "perspective" "fov" [54.4322]
ScreenWindow -1 1 -0.5625 0.5625
Shutter 0 0
ConcatTransform [ -0.82708 0.120108 0.549101 3.21484e-09  0 0.976903 -0.213684 6.34064e-09  0.562083 0.176734 0.807977 4.73049e-09  1.75317 -3.62747 6.3562 1 ]
Camera "world" "float[2] shutteropening" [0 1]
EditEnd 
##streammarker1087
EditBegin "option" 
Identity 
#Camera perspShape
Clipping 0.1 10000
Projection "perspective" "fov" [54.4322]
ScreenWindow -1 1 -0.5625 0.5625
Shutter 0 0
ConcatTransform [ -0.82708 0.120108 0.549101 -8.30333e-09  -2.41848e-08 0.976903 -0.213684 7.88406e-09  0.562083 0.176734 0.807977 -1.20228e-08  1.75317 -3.62747 6.44111 1 ]
Camera "world" "float[2] shutteropening" [0 1]
EditEnd 
##streammarker1088
EditBegin "option" 
Identity 
#Camera perspShape
Clipping 0.1 10000
Projection "perspective" "fov" [54.4322]
ScreenWindow -1 1 -0.5625 0.5625
Shutter 0 0
ConcatTransform [ -0.82708 0.120108 0.549101 1.15682e-09  -2.44839e-08 0.976903 -0.213684 2.32108e-09  0.562083 0.176734 0.807977 1.70221e-09  1.75317 -3.62747 6.48397 1 ]
Camera "world" "float[2] shutteropening" [0 1]
EditEnd 
##streammarker1089
EditBegin "option" 
Identity 
#Camera perspShape
Clipping 0.1 10000
Projection "perspective" "fov" [54.4322]
ScreenWindow -1 1 -0.5625 0.5625
Shutter 0 0
ConcatTransform [ -0.82708 0.120108 0.549101 2.55194e-09  0 0.976903 -0.213684 -9.08798e-09  0.562083 0.176734 0.807977 1.20509e-08  1.75317 -3.62747 6.70232 1 ]
Camera "world" "float[2] shutteropening" [0 1]
EditEnd 
##streammarker1090
EditBegin "option" 
Identity 
#Camera perspShape
Clipping 0.1 10000
Projection "perspective" "fov" [54.4322]
ScreenWindow -1 1 -0.5625 0.5625
Shutter 0 0
ConcatTransform [ -0.82708 0.120108 0.549101 1.88496e-09  0 0.976903 -0.213684 4.06636e-09  0.562083 0.176734 0.807977 2.77363e-09  1.75317 -3.62747 7.06617 1 ]
Camera "world" "float[2] shutteropening" [0 1]
EditEnd 
##streammarker1091
EditBegin "option" 
Identity 
#Camera perspShape
Clipping 0.1 10000
Projection "perspective" "fov" [54.4322]
ScreenWindow -1 1 -0.5625 0.5625
Shutter 0 0
ConcatTransform [ -0.827081 0.120108 0.549101 2.53724e-09  0 0.976903 -0.213684 5.7758e-09  0.562083 0.176734 0.807977 3.73343e-09  1.75317 -3.62747 7.54728 1 ]
Camera "world" "float[2] shutteropening" [0 1]
EditEnd 
##streammarker1092
EditBegin "option" 
Identity 
#Camera perspShape
Clipping 0.1 10000
Projection "perspective" "fov" [54.4322]
ScreenWindow -1 1 -0.5625 0.5625
Shutter 0 0
ConcatTransform [ -0.827081 0.120109 0.549101 -2.67928e-09  3.09346e-08 0.976903 -0.213684 -6.03475e-09  0.562083 0.176734 0.807977 -3.94244e-09  1.75317 -3.62747 7.44864 1 ]
Camera "world" "float[2] shutteropening" [0 1]
EditEnd 
##streammarker1093
EditBegin "option" 
Identity 
#Camera perspShape
Clipping 0.1 10000
Projection "perspective" "fov" [54.4322]
ScreenWindow -1 1 -0.5625 0.5625
Shutter 0 0
ConcatTransform [ -0.827081 0.120108 0.549101 -2.26033e-08  -6.43967e-08 0.976903 -0.213684 -2.47761e-10  0.562083 0.176734 0.807977 -1.04556e-08  1.75317 -3.62747 7.64716 1 ]
Camera "world" "float[2] shutteropening" [0 1]
EditEnd 
##streammarker1094
EditBegin "option" 
Identity 
#Camera perspShape
Clipping 0.1 10000
Projection "perspective" "fov" [54.4322]
ScreenWindow -1 1 -0.5625 0.5625
Shutter 0 0
ConcatTransform [ -0.82708 0.120109 0.549101 5.36717e-10  6.37628e-08 0.976903 -0.213684 1.22826e-09  0.562083 0.176734 0.807977 7.89755e-10  1.75317 -3.62747 7.59706 1 ]
Camera "world" "float[2] shutteropening" [0 1]
EditEnd 
##streammarker1095
EditBegin "option" 
Identity 
#Camera perspShape
Clipping 0.1 10000
Projection "perspective" "fov" [54.4322]
ScreenWindow -1 1 -0.5625 0.5625
Shutter 0 0
ConcatTransform [ -0.82708 0.120108 0.549101 6.28507e-10  3.41138e-08 0.976903 -0.213684 1.49182e-09  0.562083 0.176734 0.807977 9.24819e-10  1.75317 -3.62747 7.95438 1 ]
Camera "world" "float[2] shutteropening" [0 1]
EditEnd 
##streammarker1096
EditBegin "option" 
Identity 
#Camera perspShape
Clipping 0.1 10000
Projection "perspective" "fov" [54.4322]
ScreenWindow -1 1 -0.5625 0.5625
Shutter 0 0
ConcatTransform [ -0.82708 0.120108 0.549101 1.2566e-08  -7.14552e-08 0.976903 -0.213684 -9.99825e-09  0.562083 0.176734 0.807977 4.75287e-09  1.75317 -3.62747 8.21933 1 ]
Camera "world" "float[2] shutteropening" [0 1]
EditEnd 
##streammarker1097
EditBegin "option" 
Identity 
#Camera perspShape
Clipping 0.1 10000
Projection "perspective" "fov" [54.4322]
ScreenWindow -1 1 -0.5625 0.5625
Shutter 0 0
ConcatTransform [ -0.827081 0.120108 0.549101 9.48269e-09  0 0.976903 -0.213684 -1.53575e-08  0.562083 0.176734 0.807977 1.69357e-09  1.75317 -3.62747 8.32765 1 ]
Camera "world" "float[2] shutteropening" [0 1]
EditEnd 
##streammarker1098
EditBegin "option" 
Identity 
#Camera perspShape
Clipping 0.1 10000
Projection "perspective" "fov" [54.4322]
ScreenWindow -1 1 -0.5625 0.5625
Shutter 0 0
ConcatTransform [ -0.827081 0.120108 0.549101 -4.54604e-09  -1.48119e-07 0.976903 -0.213685 -1.12958e-08  0.562083 0.176734 0.807977 -6.6893e-09  1.75317 -3.62747 8.43733 1 ]
Camera "world" "float[2] shutteropening" [0 1]
EditEnd 
##streammarker1099
EditBegin "option" 
Identity 
#Camera perspShape
Clipping 0.1 10000
Projection "perspective" "fov" [54.4322]
ScreenWindow -1 1 -0.5625 0.5625
Shutter 0 0
ConcatTransform [ -0.82708 0.120109 0.549101 1.05846e-08  0 0.976903 -0.213684 8.24229e-09  0.562083 0.176734 0.807977 -6.21476e-09  1.75317 -3.62747 8.54838 1 ]
Camera "world" "float[2] shutteropening" [0 1]
EditEnd 
##streammarker1100
EditBegin "option" 
Identity 
#Camera perspShape
Clipping 0.1 10000
Projection "perspective" "fov" [54.4322]
ScreenWindow -1 1 -0.5625 0.5625
Shutter 0 0
ConcatTransform [ -0.827081 0.120108 0.549101 -1.21112e-09  -3.80127e-08 0.976903 -0.213684 -3.05474e-09  0.562083 0.176734 0.807977 -1.78211e-09  1.75317 -3.62747 8.60443 1 ]
Camera "world" "float[2] shutteropening" [0 1]
EditEnd 
##streammarker1101
EditBegin "option" 
Identity 
#Camera perspShape
Clipping 0.1 10000
Projection "perspective" "fov" [54.4322]
ScreenWindow -1 1 -0.5625 0.5625
Shutter 0 0
ConcatTransform [ -0.827081 0.120108 0.549101 -4.4266e-10  -7.73418e-08 0.976903 -0.213684 -1.1276e-09  0.562083 0.176734 0.807977 -6.51355e-10  1.75317 -3.62747 8.71758 1 ]
Camera "world" "float[2] shutteropening" [0 1]
EditEnd 
##streammarker1102
EditBegin "option" 
Identity 
#Camera perspShape
Clipping 0.1 10000
Projection "perspective" "fov" [54.4322]
ScreenWindow -1 1 -0.5625 0.5625
Shutter 0 0
ConcatTransform [ -0.82708 0.120108 0.549101 9.00752e-10  3.90008e-08 0.976903 -0.213684 2.30585e-09  0.562083 0.176734 0.807977 1.32542e-09  1.75317 -3.62747 8.77469 1 ]
Camera "world" "float[2] shutteropening" [0 1]
EditEnd 
##streammarker1103
EditBegin "option" 
Identity 
#Camera perspShape
Clipping 0.1 10000
Projection "perspective" "fov" [54.4322]
ScreenWindow -1 1 -0.5625 0.5625
Shutter 0 0
ConcatTransform [ -0.82708 0.120108 0.549101 -2.1361e-09  1.96657e-08 0.976903 -0.213684 -5.49514e-09  0.562083 0.176734 0.807977 -3.14317e-09  1.75317 -3.62747 8.83216 1 ]
Camera "world" "float[2] shutteropening" [0 1]
EditEnd 
##streammarker1104
EditBegin "option" 
Identity 
#Camera perspShape
Clipping 0.1 10000
Projection "perspective" "fov" [54.4322]
ScreenWindow -1 1 -0.5625 0.5625
Shutter 0 0
ConcatTransform [ -0.82708 0.120108 0.549101 4.52709e-10  1.00816e-07 0.976903 -0.213684 1.18177e-09  0.562083 0.176734 0.807977 6.66141e-10  1.75317 -3.62747 9.00672 1 ]
Camera "world" "float[2] shutteropening" [0 1]
EditEnd 
##streammarker1105
EditBegin "option" 
Identity 
#Camera perspShape
Clipping 0.1 10000
Projection "perspective" "fov" [54.4322]
ScreenWindow -1 1 -0.5625 0.5625
Shutter 0 0
ConcatTransform [ -0.82708 0.120109 0.549101 -1.53457e-09  -1.19982e-07 0.976903 -0.213684 -3.98647e-09  0.562083 0.176734 0.807977 -2.25804e-09  1.75317 -3.62747 8.94817 1 ]
Camera "world" "float[2] shutteropening" [0 1]
EditEnd 
##streammarker1106
EditBegin "option" 
Identity 
#Camera perspShape
Clipping 0.1 10000
Projection "perspective" "fov" [54.4322]
ScreenWindow -1 1 -0.5625 0.5625
Shutter 0 0
ConcatTransform [ -0.82708 0.120108 0.549101 4.52709e-10  1.00816e-07 0.976903 -0.213684 1.18177e-09  0.562083 0.176734 0.807977 6.66141e-10  1.75317 -3.62747 9.00672 1 ]
Camera "world" "float[2] shutteropening" [0 1]
EditEnd 
##streammarker1107
EditBegin "option" 
Identity 
#Camera perspShape
Clipping 0.1 10000
Projection "perspective" "fov" [54.4322]
ScreenWindow -1 1 -0.5625 0.5625
Shutter 0 0
ConcatTransform [ -0.82708 0.120108 0.549101 -2.22285e-09  2.04962e-08 0.976903 -0.213684 -5.85908e-09  0.562083 0.176734 0.807977 -3.27082e-09  1.75317 -3.62747 9.12493 1 ]
Camera "world" "float[2] shutteropening" [0 1]
EditEnd 
##streammarker1108
EditBegin "option" 
Identity 
#Camera perspShape
Clipping 0.1 10000
Projection "perspective" "fov" [54.4322]
ScreenWindow -1 1 -0.5625 0.5625
Shutter 0 0
ConcatTransform [ -0.82708 0.120108 0.549101 -2.22285e-09  2.04962e-08 0.976903 -0.213684 -5.85908e-09  0.562083 0.176734 0.807977 -3.27082e-09  1.75317 -3.62747 9.12493 1 ]
Camera "world" "float[2] shutteropening" [0 1]
EditEnd 
##streammarker1109
EditBegin "option" 
Identity 
#Camera perspShape
Clipping 0.1 10000
Projection "perspective" "fov" [54.4322]
ScreenWindow -1 1 -0.5625 0.5625
Shutter 0 0
ConcatTransform [ -0.827081 0.120108 0.549101 1.21313e-08  -6.19893e-08 0.976903 -0.213684 7.3538e-09  0.562083 0.176734 0.807977 -7.39419e-09  1.75317 -3.62747 9.18459 1 ]
Camera "world" "float[2] shutteropening" [0 1]
EditEnd 
##streammarker1110
EditBegin "option" 
Identity 
#Camera perspShape
Clipping 0.1 10000
Projection "perspective" "fov" [54.4322]
ScreenWindow -1 1 -0.5625 0.5625
Shutter 0 0
ConcatTransform [ -0.82708 0.120108 0.549101 -1.57874e-10  6.34964e-08 0.976903 -0.213684 -4.24188e-10  0.562083 0.176734 0.807977 -2.32304e-10  1.75317 -3.62747 9.36582 1 ]
Camera "world" "float[2] shutteropening" [0 1]
EditEnd 
##streammarker1111
EditBegin "option" 
Identity 
#Camera perspShape
Clipping 0.1 10000
Projection "perspective" "fov" [54.4322]
ScreenWindow -1 1 -0.5625 0.5625
Shutter 0 0
ConcatTransform [ -0.82708 0.120108 0.549101 -4.70874e-09  6.4505e-08 0.976903 -0.213684 -2.25894e-09  0.562083 0.176734 0.807977 -7.05739e-09  1.75317 -3.62747 9.48853 1 ]
Camera "world" "float[2] shutteropening" [0 1]
EditEnd 
##streammarker1112
EditBegin "option" 
Identity 
#Camera perspShape
Clipping 0.1 10000
Projection "perspective" "fov" [54.4322]
ScreenWindow -1 1 -0.5625 0.5625
Shutter 0 0
ConcatTransform [ -0.82708 0.120108 0.549101 1.63398e-08  1.49334e-07 0.976903 -0.213684 1.70676e-08  0.562083 0.176734 0.807977 -2.32506e-09  1.75317 -3.62747 9.42698 1 ]
Camera "world" "float[2] shutteropening" [0 1]
EditEnd 
##streammarker1113
EditBegin "option" 
Identity 
#Camera perspShape
Clipping 0.1 10000
Projection "perspective" "fov" [54.4322]
ScreenWindow -1 1 -0.5625 0.5625
Shutter 0 0
ConcatTransform [ -0.82708 0.120108 0.549101 2.8002e-09  -6.50104e-08 0.976903 -0.213684 7.63156e-09  0.562083 0.176734 0.807977 4.12037e-09  1.75317 -3.62747 9.55047 1 ]
Camera "world" "float[2] shutteropening" [0 1]
EditEnd 
##streammarker1114
EditBegin "option" 
Identity 
#Camera perspShape
Clipping 0.1 10000
Projection "perspective" "fov" [54.4322]
ScreenWindow -1 1 -0.5625 0.5625
Shutter 0 0
ConcatTransform [ -0.82708 0.120108 0.549101 1.63398e-08  1.49334e-07 0.976903 -0.213684 1.70676e-08  0.562083 0.176734 0.807977 -2.32506e-09  1.75317 -3.62747 9.42698 1 ]
Camera "world" "float[2] shutteropening" [0 1]
EditEnd 
##streammarker1115
EditBegin "option" 
Identity 
#Camera perspShape
Clipping 0.1 10000
Projection "perspective" "fov" [54.4322]
ScreenWindow -1 1 -0.5625 0.5625
Shutter 0 0
ConcatTransform [ -0.827081 0.120108 0.549101 -2.075e-09  2.18389e-08 0.976903 -0.213685 -5.68181e-09  0.562083 0.176734 0.807977 -3.05326e-09  1.75317 -3.62747 9.61279 1 ]
Camera "world" "float[2] shutteropening" [0 1]
EditEnd 
##streammarker1116
EditBegin "option" 
Identity 
#Camera perspShape
Clipping 0.1 10000
Projection "perspective" "fov" [54.4322]
ScreenWindow -1 1 -0.5625 0.5625
Shutter 0 0
ConcatTransform [ -0.82708 0.120108 0.549101 -4.70874e-09  6.4505e-08 0.976903 -0.213684 -2.25894e-09  0.562083 0.176734 0.807977 -7.05739e-09  1.75317 -3.62747 9.48853 1 ]
Camera "world" "float[2] shutteropening" [0 1]
EditEnd 
##streammarker1117
EditBegin "option" 
Identity 
#Camera perspShape
Clipping 0.1 10000
Projection "perspective" "fov" [54.4322]
ScreenWindow -1 1 -0.5625 0.5625
Shutter 0 0
ConcatTransform [ -0.827081 0.120108 0.549101 -5.45235e-10  4.43541e-08 0.976903 -0.213684 7.37403e-09  0.562083 0.176734 0.807977 -1.97746e-09  1.75317 -3.62747 9.7386 1 ]
Camera "world" "float[2] shutteropening" [0 1]
EditEnd 
##streammarker1118
EditBegin "option" 
Identity 
#Camera perspShape
Clipping 0.1 10000
Projection "perspective" "fov" [54.4322]
ScreenWindow -1 1 -0.5625 0.5625
Shutter 0 0
ConcatTransform [ -0.827081 0.120108 0.549101 -4.69249e-10  6.60235e-08 0.976903 -0.213684 -1.29096e-09  0.562083 0.176734 0.807977 -6.90479e-10  1.75317 -3.62747 9.6755 1 ]
Camera "world" "float[2] shutteropening" [0 1]
EditEnd 
##streammarker1119
EditBegin "option" 
Identity 
#Camera perspShape
Clipping 0.1 10000
Projection "perspective" "fov" [54.4322]
ScreenWindow -1 1 -0.5625 0.5625
Shutter 0 0
ConcatTransform [ -0.82708 0.120108 0.549101 -9.01472e-10  9.07447e-08 0.976903 -0.213684 -2.52668e-09  0.562083 0.176734 0.807977 -1.32648e-09  1.75317 -3.62747 9.9303 1 ]
Camera "world" "float[2] shutteropening" [0 1]
EditEnd 
##streammarker1120
EditBegin "option" 
Identity 
#Camera perspShape
Clipping 0.1 10000
Projection "perspective" "fov" [54.4322]
ScreenWindow -1 1 -0.5625 0.5625
Shutter 0 0
ConcatTransform [ -0.827081 0.120108 0.549101 2.98227e-09  0 0.976903 -0.213684 8.47507e-09  0.562083 0.176734 0.807977 4.38827e-09  1.75317 -3.62747 10.1256 1 ]
Camera "world" "float[2] shutteropening" [0 1]
EditEnd 
##streammarker1121
EditBegin "option" 
Identity 
#Camera perspShape
Clipping 0.1 10000
Projection "perspective" "fov" [54.4322]
ScreenWindow -1 1 -0.5625 0.5625
Shutter 0 0
ConcatTransform [ -0.82708 0.120108 0.549101 5.84453e-11  4.60535e-08 0.976903 -0.213684 7.05621e-09  0.562083 0.176734 0.807977 -2.31848e-09  1.75317 -3.62747 10.0601 1 ]
Camera "world" "float[2] shutteropening" [0 1]
EditEnd 
##streammarker1122
EditBegin "option" 
Identity 
#Camera perspShape
Clipping 0.1 10000
Projection "perspective" "fov" [54.4322]
ScreenWindow -1 1 -0.5625 0.5625
Shutter 0 0
ConcatTransform [ -0.827081 0.120108 0.549101 -3.6758e-09  2.35393e-08 0.976903 -0.213684 -2.1985e-08  0.562083 0.176734 0.807977 7.97505e-10  1.75317 -3.62747 10.2579 1 ]
Camera "world" "float[2] shutteropening" [0 1]
EditEnd 
##streammarker1123
EditBegin "option" 
Identity 
#Camera perspShape
Clipping 0.1 10000
Projection "perspective" "fov" [54.4322]
ScreenWindow -1 1 -0.5625 0.5625
Shutter 0 0
ConcatTransform [ -0.82708 0.120108 0.549101 1.87675e-09  4.67365e-08 0.976903 -0.213684 5.35784e-09  0.562083 0.176734 0.807977 2.76155e-09  1.75317 -3.62747 10.1915 1 ]
Camera "world" "float[2] shutteropening" [0 1]
EditEnd 
##streammarker1124
EditBegin "option" 
Identity 
#Camera perspShape
Clipping 0.1 10000
Projection "perspective" "fov" [54.4322]
ScreenWindow -1 1 -0.5625 0.5625
Shutter 0 0
ConcatTransform [ -0.827081 0.120108 0.549101 -1.54251e-09  -7.16464e-08 0.976903 -0.213684 -4.46406e-09  0.562083 0.176734 0.807977 -2.26973e-09  1.75317 -3.62747 10.3918 1 ]
Camera "world" "float[2] shutteropening" [0 1]
EditEnd 
##streammarker1125
EditBegin "option" 
Identity 
#Camera perspShape
Clipping 0.1 10000
Projection "perspective" "fov" [54.4322]
ScreenWindow -1 1 -0.5625 0.5625
Shutter 0 0
ConcatTransform [ -0.82708 0.120108 0.549101 -2.32216e-09  4.74213e-08 0.976903 -0.213684 -1.35432e-09  0.562083 0.176734 0.807977 -6.74685e-09  1.75317 -3.62747 10.3246 1 ]
Camera "world" "float[2] shutteropening" [0 1]
EditEnd 
##streammarker1126
EditBegin "option" 
Identity 
#Camera perspShape
Clipping 0.1 10000
Projection "perspective" "fov" [54.4322]
ScreenWindow -1 1 -0.5625 0.5625
Shutter 0 0
ConcatTransform [ -0.827081 0.120108 0.549101 1.42221e-09  1.21129e-07 0.976903 -0.213684 4.1532e-09  0.562083 0.176734 0.807977 2.09272e-09  1.75317 -3.62747 10.5274 1 ]
Camera "world" "float[2] shutteropening" [0 1]
EditEnd 
##streammarker1127
EditBegin "option" 
Identity 
#Camera perspShape
Clipping 0.1 10000
Projection "perspective" "fov" [54.4322]
ScreenWindow -1 1 -0.5625 0.5625
Shutter 0 0
ConcatTransform [ -0.827081 0.120108 0.549101 -1.54251e-09  -7.16464e-08 0.976903 -0.213684 -4.46406e-09  0.562083 0.176734 0.807977 -2.26973e-09  1.75317 -3.62747 10.3918 1 ]
Camera "world" "float[2] shutteropening" [0 1]
EditEnd 
##streammarker1128
EditBegin "option" 
Identity 
#Camera perspShape
Clipping 0.1 10000
Projection "perspective" "fov" [54.4322]
ScreenWindow -1 1 -0.5625 0.5625
Shutter 0 0
ConcatTransform [ -0.827081 0.120108 0.549101 -2.32249e-10  2.47429e-08 0.976903 -0.213684 -6.87381e-10  0.562083 0.176734 0.807977 -3.41745e-10  1.75317 -3.62747 10.734 1 ]
Camera "world" "float[2] shutteropening" [0 1]
EditEnd 
##streammarker1129
EditBegin "option" 
Identity 
#Camera perspShape
Clipping 0.1 10000
Projection "perspective" "fov" [54.4322]
ScreenWindow -1 1 -0.5625 0.5625
Shutter 0 0
ConcatTransform [ -0.82708 0.120108 0.549101 1.98031e-09  7.3711e-08 0.976903 -0.213684 5.835e-09  0.562083 0.176734 0.807977 2.91394e-09  1.75317 -3.62747 10.6647 1 ]
Camera "world" "float[2] shutteropening" [0 1]
EditEnd 
##streammarker1130
EditBegin "option" 
Identity 
#Camera perspShape
Clipping 0.1 10000
Projection "perspective" "fov" [54.4322]
ScreenWindow -1 1 -0.5625 0.5625
Shutter 0 0
ConcatTransform [ -0.827081 0.120108 0.549101 -5.42032e-09  -5.01772e-08 0.976903 -0.213685 -2.08131e-08  0.562083 0.176734 0.807977 2.10685e-09  1.75317 -3.62747 10.8739 1 ]
Camera "world" "float[2] shutteropening" [0 1]
EditEnd 
##streammarker1131
EditBegin "option" 
Identity 
#Camera perspShape
Clipping 0.1 10000
Projection "perspective" "fov" [54.4322]
ScreenWindow -1 1 -0.5625 0.5625
Shutter 0 0
ConcatTransform [ -0.827081 0.120108 0.549101 -2.32249e-10  2.47429e-08 0.976903 -0.213684 -6.87381e-10  0.562083 0.176734 0.807977 -3.41745e-10  1.75317 -3.62747 10.734 1 ]
Camera "world" "float[2] shutteropening" [0 1]
EditEnd 
##streammarker1132
EditBegin "option" 
Identity 
#Camera perspShape
Clipping 0.1 10000
Projection "perspective" "fov" [54.4322]
ScreenWindow -1 1 -0.5625 0.5625
Shutter 0 0
ConcatTransform [ -0.827081 0.120108 0.549101 -1.55998e-09  -5.08701e-08 0.976903 -0.213684 -4.69936e-09  0.562083 0.176734 0.807977 -2.29544e-09  1.75317 -3.62747 11.0156 1 ]
Camera "world" "float[2] shutteropening" [0 1]
EditEnd 
##streammarker1133
EditBegin "option" 
Identity 
#Camera perspShape
Clipping 0.1 10000
Projection "perspective" "fov" [54.4322]
ScreenWindow -1 1 -0.5625 0.5625
Shutter 0 0
ConcatTransform [ -0.827081 0.120108 0.549101 1.26854e-09  0 0.976903 -0.213684 5.74854e-09  0.562083 0.176734 0.807977 -3.37654e-09  1.75317 -3.62747 10.9445 1 ]
Camera "world" "float[2] shutteropening" [0 1]
EditEnd 
##streammarker1134
EditBegin "option" 
Identity 
#Camera perspShape
Clipping 0.1 10000
Projection "perspective" "fov" [54.4322]
ScreenWindow -1 1 -0.5625 0.5625
Shutter 0 0
ConcatTransform [ -0.82708 0.120108 0.549101 7.7928e-10  1.03129e-07 0.976903 -0.213684 3.21137e-09  0.562083 0.176734 0.807977 -4.68697e-09  1.75317 -3.62747 11.159 1 ]
Camera "world" "float[2] shutteropening" [0 1]
EditEnd 
##streammarker1135
EditBegin "option" 
Identity 
#Camera perspShape
Clipping 0.1 10000
Projection "perspective" "fov" [54.4322]
ScreenWindow -1 1 -0.5625 0.5625
Shutter 0 0
ConcatTransform [ -0.82708 0.120108 0.549101 -6.85935e-09  7.68257e-08 0.976903 -0.213684 -2.31713e-08  0.562083 0.176734 0.807977 1.18531e-09  1.75317 -3.62747 11.087 1 ]
Camera "world" "float[2] shutteropening" [0 1]
EditEnd 
##streammarker1136
EditBegin "option" 
Identity 
#Camera perspShape
Clipping 0.1 10000
Projection "perspective" "fov" [54.4322]
ScreenWindow -1 1 -0.5625 0.5625
Shutter 0 0
ConcatTransform [ -0.827081 0.120108 0.549101 6.71647e-09  6.52739e-09 0.976903 -0.213684 9.76467e-10  0.562083 0.176734 0.807977 -8.70973e-09  1.75317 -3.62747 11.3775 1 ]
Camera "world" "float[2] shutteropening" [0 1]
EditEnd 
##streammarker1137
EditBegin "option" 
Identity 
#Camera perspShape
Clipping 0.1 10000
Projection "perspective" "fov" [54.4322]
ScreenWindow -1 1 -0.5625 0.5625
Shutter 0 0
ConcatTransform [ -0.82708 0.120108 0.549101 1.15497e-09  9.80039e-09 0.976903 -0.213684 -4.1469e-11  0.562083 0.176734 0.807977 -5.55695e-10  1.75317 -3.62747 11.4513 1 ]
Camera "world" "float[2] shutteropening" [0 1]
EditEnd 
##streammarker1138
EditBegin "option" 
Identity 
#Camera perspShape
Clipping 0.1 10000
Projection "perspective" "fov" [54.4322]
ScreenWindow -1 1 -0.5625 0.5625
Shutter 0 0
ConcatTransform [ -0.82708 0.120108 0.549101 6.24435e-10  -3.2729e-09 0.976903 -0.213684 -2.21587e-11  0.562083 0.176734 0.807977 -3.01883e-10  1.75317 -3.62747 11.6002 1 ]
Camera "world" "float[2] shutteropening" [0 1]
EditEnd 
##streammarker1139
EditBegin "option" 
Identity 
#Camera perspShape
Clipping 0.1 10000
Projection "perspective" "fov" [54.4322]
ScreenWindow -1 1 -0.5625 0.5625
Shutter 0 0
ConcatTransform [ -0.82708 0.120108 0.549101 -2.25334e-10  -3.27591e-09 0.976903 -0.213684 7.94938e-12  0.562083 0.176734 0.807977 1.09196e-10  1.75317 -3.62747 11.6753 1 ]
Camera "world" "float[2] shutteropening" [0 1]
EditEnd 
##streammarker1140
EditBegin "option" 
Identity 
#Camera perspShape
Clipping 0.1 10000
Projection "perspective" "fov" [54.4322]
ScreenWindow -1 1 -0.5625 0.5625
Shutter 0 0
ConcatTransform [ -0.82708 0.120108 0.549101 -2.25334e-10  -3.27591e-09 0.976903 -0.213684 7.94938e-12  0.562083 0.176734 0.807977 1.09196e-10  1.75317 -3.62747 11.6753 1 ]
Camera "world" "float[2] shutteropening" [0 1]
EditEnd 
##streammarker1141
EditBegin "option" 
Identity 
#Camera perspShape
Clipping 0.1 10000
Projection "perspective" "fov" [54.4322]
ScreenWindow -1 1 -0.5625 0.5625
Shutter 0 0
ConcatTransform [ -0.827081 0.120109 0.549101 -2.12613e-09  9.83666e-09 0.976903 -0.213684 7.45671e-11  0.562083 0.176734 0.807977 1.03275e-09  1.75317 -3.62747 11.751 1 ]
Camera "world" "float[2] shutteropening" [0 1]
EditEnd 
##streammarker1142
EditBegin "option" 
Identity 
#Camera perspShape
Clipping 0.1 10000
Projection "perspective" "fov" [54.4322]
ScreenWindow -1 1 -0.5625 0.5625
Shutter 0 0
ConcatTransform [ -0.82708 0.120108 0.549101 -2.25334e-10  -3.27591e-09 0.976903 -0.213684 7.94938e-12  0.562083 0.176734 0.807977 1.09196e-10  1.75317 -3.62747 11.6753 1 ]
Camera "world" "float[2] shutteropening" [0 1]
EditEnd 
##streammarker1143
EditBegin "option" 
Identity 
#Camera perspShape
Clipping 0.1 10000
Projection "perspective" "fov" [54.4322]
ScreenWindow -1 1 -0.5625 0.5625
Shutter 0 0
ConcatTransform [ -0.82708 0.120108 0.549101 -1.54097e-09  3.28475e-09 0.976903 -0.213684 5.34132e-11  0.562083 0.176734 0.807977 7.52001e-10  1.75317 -3.62747 11.9036 1 ]
Camera "world" "float[2] shutteropening" [0 1]
EditEnd 
##streammarker1144
EditBegin "option" 
Identity 
#Camera perspShape
Clipping 0.1 10000
Projection "perspective" "fov" [54.4322]
ScreenWindow -1 1 -0.5625 0.5625
Shutter 0 0
ConcatTransform [ -0.827081 0.120109 0.549101 2.37207e-09  -6.56367e-09 0.976903 -0.213684 -8.27054e-11  0.562083 0.176734 0.807977 -1.1549e-09  1.75317 -3.62747 11.8271 1 ]
Camera "world" "float[2] shutteropening" [0 1]
EditEnd 
##streammarker1145
EditBegin "option" 
Identity 
#Camera perspShape
Clipping 0.1 10000
Projection "perspective" "fov" [54.4322]
ScreenWindow -1 1 -0.5625 0.5625
Shutter 0 0
ConcatTransform [ -0.827081 0.120108 0.549101 -6.99148e-09  1.31956e-08 0.976903 -0.213684 2.35314e-10  0.562083 0.176734 0.807977 3.45071e-09  1.75317 -3.62747 12.2937 1 ]
Camera "world" "float[2] shutteropening" [0 1]
EditEnd 
##streammarker1146
EditBegin "option" 
Identity 
#Camera perspShape
Clipping 0.1 10000
Projection "perspective" "fov" [54.4322]
ScreenWindow -1 1 -0.5625 0.5625
Shutter 0 0
ConcatTransform [ -0.827081 0.120108 0.549101 2.73915e-09  -3.28764e-09 0.976903 -0.213684 -2.65405e-09  0.562083 0.176734 0.807977 8.99351e-09  1.75317 -3.62747 11.9807 1 ]
Camera "world" "float[2] shutteropening" [0 1]
EditEnd 
##streammarker1147
EditBegin "option" 
Identity 
#Camera perspShape
Clipping 0.1 10000
Projection "perspective" "fov" [54.4322]
ScreenWindow -1 1 -0.5625 0.5625
Shutter 0 0
ConcatTransform [ -0.827081 0.120108 0.549101 6.09936e-09  0 0.976903 -0.213684 1.16215e-09  0.562083 0.176734 0.807977 -7.78711e-09  1.75317 -3.62747 12.9438 1 ]
Camera "world" "float[2] shutteropening" [0 1]
EditEnd 
##streammarker1148
EditBegin "option" 
Identity 
#Camera perspShape
Clipping 0.1 10000
Projection "perspective" "fov" [54.4322]
ScreenWindow -1 1 -0.5625 0.5625
Shutter 0 0
ConcatTransform [ -0.827081 0.120108 0.549101 -5.3702e-09  9.92917e-09 0.976903 -0.213684 1.76535e-10  0.562083 0.176734 0.807977 2.67378e-09  1.75317 -3.62747 12.6147 1 ]
Camera "world" "float[2] shutteropening" [0 1]
EditEnd 
##streammarker1149
EditBegin "option" 
Identity 
#Camera perspShape
Clipping 0.1 10000
Projection "perspective" "fov" [54.4322]
ScreenWindow -1 1 -0.5625 0.5625
Shutter 0 0
ConcatTransform [ -0.827081 0.120108 0.549101 5.8894e-09  3.34211e-09 0.976903 -0.213684 -1.79286e-10  0.562083 0.176734 0.807977 -3.01142e-09  1.75317 -3.62747 13.715 1 ]
Camera "world" "float[2] shutteropening" [0 1]
EditEnd 
##streammarker1150
EditBegin "option" 
Identity 
#Camera perspShape
Clipping 0.1 10000
Projection "perspective" "fov" [54.4322]
ScreenWindow -1 1 -0.5625 0.5625
Shutter 0 0
ConcatTransform [ -0.82708 0.120108 0.549101 -4.03391e-09  0 0.976903 -0.213684 1.25001e-10  0.562083 0.176734 0.807977 2.05049e-09  1.75317 -3.62747 13.4531 1 ]
Camera "world" "float[2] shutteropening" [0 1]
EditEnd 
##streammarker1151
EditBegin "option" 
Identity 
#Camera perspShape
Clipping 0.1 10000
Projection "perspective" "fov" [54.4322]
ScreenWindow -1 1 -0.5625 0.5625
Shutter 0 0
ConcatTransform [ -0.827081 0.120108 0.549101 2.34979e-09  -3.35353e-09 0.976903 -0.213684 1.36357e-09  0.562083 0.176734 0.807977 -5.47101e-09  1.75317 -3.62747 14.1625 1 ]
Camera "world" "float[2] shutteropening" [0 1]
EditEnd 
##streammarker1152
EditBegin "option" 
Identity 
#Camera perspShape
Clipping 0.1 10000
Projection "perspective" "fov" [54.4322]
ScreenWindow -1 1 -0.5625 0.5625
Shutter 0 0
ConcatTransform [ -0.82708 0.120108 0.549101 -1.76806e-09  0 0.976903 -0.213684 5.28754e-11  0.562083 0.176734 0.807977 9.09303e-10  1.75317 -3.62747 13.9818 1 ]
Camera "world" "float[2] shutteropening" [0 1]
EditEnd 
##streammarker1153
EditBegin "option" 
Identity 
#Camera perspShape
Clipping 0.1 10000
Projection "perspective" "fov" [54.4322]
ScreenWindow -1 1 -0.5625 0.5625
Shutter 0 0
ConcatTransform [ -0.82708 0.120108 0.549101 1.9594e-09  0 0.976903 -0.213684 -5.68849e-11  0.562083 0.176734 0.807977 -1.01717e-09  1.75317 -3.62747 14.4378 1 ]
Camera "world" "float[2] shutteropening" [0 1]
EditEnd 
##streammarker1154
EditBegin "option" 
Identity 
#Camera perspShape
Clipping 0.1 10000
Projection "perspective" "fov" [54.4322]
ScreenWindow -1 1 -0.5625 0.5625
Shutter 0 0
ConcatTransform [ -0.82708 0.120108 0.549101 -1.74396e-09  1.00739e-08 0.976903 -0.213684 1.49346e-09  0.562083 0.176734 0.807977 -3.29157e-09  1.75317 -3.62747 14.3455 1 ]
Camera "world" "float[2] shutteropening" [0 1]
EditEnd 
##streammarker1155
EditBegin "option" 
Identity 
#Camera perspShape
Clipping 0.1 10000
Projection "perspective" "fov" [54.4322]
ScreenWindow -1 1 -0.5625 0.5625
Shutter 0 0
ConcatTransform [ -0.827081 0.120108 0.549101 2.02371e-09  3.36655e-09 0.976903 -0.213684 -1.24412e-09  0.562083 0.176734 0.807977 8.03737e-09  1.75317 -3.62747 14.7183 1 ]
Camera "world" "float[2] shutteropening" [0 1]
EditEnd 
##streammarker1156
EditBegin "option" 
Identity 
#Camera perspShape
Clipping 0.1 10000
Projection "perspective" "fov" [54.4322]
ScreenWindow -1 1 -0.5625 0.5625
Shutter 0 0
ConcatTransform [ -0.82708 0.120108 0.549101 -7.98359e-10  -6.72886e-09 0.976903 -0.213684 2.29042e-11  0.562083 0.176734 0.807977 4.15961e-10  1.75317 -3.62747 14.6242 1 ]
Camera "world" "float[2] shutteropening" [0 1]
EditEnd 
##streammarker1157
EditBegin "option" 
Identity 
#Camera perspShape
Clipping 0.1 10000
Projection "perspective" "fov" [54.4322]
ScreenWindow -1 1 -0.5625 0.5625
Shutter 0 0
ConcatTransform [ -0.82708 0.120108 0.549101 1.95324e-09  1.34829e-08 0.976903 -0.213684 -5.50465e-11  0.562083 0.176734 0.807977 -1.02315e-09  1.75317 -3.62747 14.9083 1 ]
Camera "world" "float[2] shutteropening" [0 1]
EditEnd 
##streammarker1158
EditBegin "option" 
Identity 
#Camera perspShape
Clipping 0.1 10000
Projection "perspective" "fov" [54.4322]
ScreenWindow -1 1 -0.5625 0.5625
Shutter 0 0
ConcatTransform [ -0.82708 0.120108 0.549101 -4.18083e-09  6.74558e-09 0.976903 -0.213684 1.59088e-09  0.562083 0.176734 0.807977 -1.78911e-09  1.75317 -3.62747 15.0041 1 ]
Camera "world" "float[2] shutteropening" [0 1]
EditEnd 
##streammarker1159
EditBegin "option" 
Identity 
#Camera perspShape
Clipping 0.1 10000
Projection "perspective" "fov" [54.4322]
ScreenWindow -1 1 -0.5625 0.5625
Shutter 0 0
ConcatTransform [ -0.827081 0.120108 0.549101 6.4695e-10  1.35074e-08 0.976903 -0.213684 -1.79099e-11  0.562083 0.176734 0.807977 -3.40669e-10  1.75317 -3.62747 15.1976 1 ]
Camera "world" "float[2] shutteropening" [0 1]
EditEnd 
##streammarker1160
EditBegin "option" 
Identity 
#Camera perspShape
Clipping 0.1 10000
Projection "perspective" "fov" [54.4322]
ScreenWindow -1 1 -0.5625 0.5625
Shutter 0 0
ConcatTransform [ -0.827081 0.120108 0.549101 8.08734e-10  3.37887e-09 0.976903 -0.213684 -2.22558e-11  0.562083 0.176734 0.807977 -4.26595e-10  1.75317 -3.62747 15.2953 1 ]
Camera "world" "float[2] shutteropening" [0 1]
EditEnd 
##streammarker1161
EditBegin "option" 
Identity 
#Camera perspShape
Clipping 0.1 10000
Projection "perspective" "fov" [54.4322]
ScreenWindow -1 1 -0.5625 0.5625
Shutter 0 0
ConcatTransform [ -0.827081 0.120108 0.549101 6.4695e-10  1.35074e-08 0.976903 -0.213684 -1.79099e-11  0.562083 0.176734 0.807977 -3.40669e-10  1.75317 -3.62747 15.1976 1 ]
Camera "world" "float[2] shutteropening" [0 1]
EditEnd 
##streammarker1162
EditBegin "option" 
Identity 
#Camera perspShape
Clipping 0.1 10000
Projection "perspective" "fov" [54.4322]
ScreenWindow -1 1 -0.5625 0.5625
Shutter 0 0
ConcatTransform [ -0.827081 0.120108 0.549101 8.08734e-10  3.37887e-09 0.976903 -0.213684 -2.22558e-11  0.562083 0.176734 0.807977 -4.26595e-10  1.75317 -3.62747 15.2953 1 ]
Camera "world" "float[2] shutteropening" [0 1]
EditEnd 
##streammarker1163
EditBegin "option" 
Identity 
#Camera perspShape
Clipping 0.1 10000
Projection "perspective" "fov" [54.4322]
ScreenWindow -1 1 -0.5625 0.5625
Shutter 0 0
ConcatTransform [ -0.827081 0.120108 0.549101 -1.0345e-09  -3.38478e-09 0.976903 -0.213684 2.79647e-11  0.562083 0.176734 0.807977 5.48471e-10  1.75317 -3.62747 15.592 1 ]
Camera "world" "float[2] shutteropening" [0 1]
EditEnd 
##streammarker1164
EditBegin "option" 
Identity 
#Camera perspShape
Clipping 0.1 10000
Projection "perspective" "fov" [54.4322]
ScreenWindow -1 1 -0.5625 0.5625
Shutter 0 0
ConcatTransform [ -0.827081 0.120108 0.549101 -1.18834e-10  -3.38282e-09 0.976903 -0.213684 3.23152e-12  0.562083 0.176734 0.807977 6.28971e-11  1.75317 -3.62747 15.4925 1 ]
Camera "world" "float[2] shutteropening" [0 1]
EditEnd 
##streammarker1165
EditBegin "option" 
Identity 
#Camera perspShape
Clipping 0.1 10000
Projection "perspective" "fov" [54.4322]
ScreenWindow -1 1 -0.5625 0.5625
Shutter 0 0
ConcatTransform [ -0.827081 0.120108 0.549101 -2.32211e-10  -8.47157e-09 0.976903 -0.213684 -1.26502e-09  0.562083 0.176734 0.807977 8.54912e-09  1.75317 -3.62747 15.7929 1 ]
Camera "world" "float[2] shutteropening" [0 1]
EditEnd 
##streammarker1166
EditBegin "option" 
Identity 
#Camera perspShape
Clipping 0.1 10000
Projection "perspective" "fov" [54.4322]
ScreenWindow -1 1 -0.5625 0.5625
Shutter 0 0
ConcatTransform [ -0.827081 0.120108 0.549101 -1.0345e-09  -3.38478e-09 0.976903 -0.213684 2.79647e-11  0.562083 0.176734 0.807977 5.48471e-10  1.75317 -3.62747 15.592 1 ]
Camera "world" "float[2] shutteropening" [0 1]
EditEnd 
##streammarker1167
EditBegin "option" 
Identity 
#Camera perspShape
Clipping 0.1 10000
Projection "perspective" "fov" [54.4322]
ScreenWindow -1 1 -0.5625 0.5625
Shutter 0 0
ConcatTransform [ -0.827081 0.120108 0.549101 -1.66951e-09  -6.78106e-09 0.976903 -0.213684 1.55393e-09  0.562083 0.176734 0.807977 -2.83604e-09  1.75317 -3.62747 15.8943 1 ]
Camera "world" "float[2] shutteropening" [0 1]
EditEnd 
##streammarker1168
EditBegin "option" 
Identity 
#Camera perspShape
Clipping 0.1 10000
Projection "perspective" "fov" [54.4322]
ScreenWindow -1 1 -0.5625 0.5625
Shutter 0 0
