##RenderMan RIB
version 3.04
Option "rerender" "int[2] lodrange" [0 3]
##streammarker2953
EditBegin "option" 
Identity 
#Camera perspShape
Clipping 0.1 10000
Projection "perspective" "fov" [54.4322]
ScreenWindow -1 1 -0.5625 0.5625
Shutter 0 0
ConcatTransform [ -0.997801 0.0161883 0.0642664 0  0 0.969709 -0.244264 0  0.0662739 0.243727 0.967577 0  2.10486 -2.90835 19.9434 1 ]
Camera "world" "float[2] shutteropening" [0 1]
EditEnd 
##streammarker2954
EditBegin "option" 
Identity 
#Camera perspShape
Clipping 0.1 10000
Projection "perspective" "fov" [54.4322]
ScreenWindow -1 1 -0.5625 0.5625
Shutter 0 0
ConcatTransform [ -0.997314 0.0178895 0.0710197 0  -1.54984e-08 0.969709 -0.244264 0  0.0732382 0.243608 0.967105 0  2.10395 -2.91194 19.9292 1 ]
Camera "world" "float[2] shutteropening" [0 1]
EditEnd 
##streammarker2955
EditBegin "option" 
Identity 
#Camera perspShape
Clipping 0.1 10000
Projection "perspective" "fov" [54.4322]
ScreenWindow -1 1 -0.5625 0.5625
Shutter 0 0
ConcatTransform [ -0.996779 0.0195897 0.0777696 -4.61565e-10  0 0.969709 -0.244264 -6.16772e-09  0.0801989 0.243477 0.966585 -5.73672e-09  2.10294 -2.91553 19.9149 1 ]
Camera "world" "float[2] shutteropening" [0 1]
EditEnd 
##streammarker2956
EditBegin "option" 
Identity 
#Camera perspShape
Clipping 0.1 10000
Projection "perspective" "fov" [54.4322]
ScreenWindow -1 1 -0.5625 0.5625
Shutter 0 0
ConcatTransform [ -0.996195 0.021289 0.0845157 0  -1.16238e-08 0.969709 -0.244264 0  0.0871557 0.243335 0.966019 0  2.10182 -2.91911 19.9007 1 ]
Camera "world" "float[2] shutteropening" [0 1]
EditEnd 
##streammarker2957
EditBegin "option" 
Identity 
#Camera perspShape
Clipping 0.1 10000
Projection "perspective" "fov" [54.4322]
ScreenWindow -1 1 -0.5625 0.5625
Shutter 0 0
ConcatTransform [ -0.995562 0.0229873 0.0912577 0  -3.8746e-09 0.969709 -0.244264 0  0.0941083 0.24318 0.965405 0  2.1006 -2.9227 19.8865 1 ]
Camera "world" "float[2] shutteropening" [0 1]
EditEnd 
##streammarker2958
EditBegin "option" 
Identity 
#Camera perspShape
Clipping 0.1 10000
Projection "perspective" "fov" [54.4322]
ScreenWindow -1 1 -0.5625 0.5625
Shutter 0 0
ConcatTransform [ -0.994151 0.0263804 0.104728 -6.23344e-10  6.78055e-09 0.969709 -0.244264 -6.16357e-09  0.107999 0.242835 0.964037 -5.73798e-09  2.09786 -2.92986 19.8581 1 ]
Camera "world" "float[2] shutteropening" [0 1]
EditEnd 
##streammarker2959
EditBegin "option" 
Identity 
#Camera perspShape
Clipping 0.1 10000
Projection "perspective" "fov" [54.4322]
ScreenWindow -1 1 -0.5625 0.5625
Shutter 0 0
ConcatTransform [ -0.992546 0.0297683 0.118178 0  0 0.969709 -0.244264 0  0.121869 0.242443 0.962481 0  2.09471 -2.93701 19.8297 1 ]
Camera "world" "float[2] shutteropening" [0 1]
EditEnd 
##streammarker2960
EditBegin "option" 
Identity 
#Camera perspShape
Clipping 0.1 10000
Projection "perspective" "fov" [54.4322]
ScreenWindow -1 1 -0.5625 0.5625
Shutter 0 0
ConcatTransform [ -0.989776 0.0348391 0.138309 0  7.7492e-09 0.969709 -0.244264 0  0.142629 0.241767 0.959795 0  2.08921 -2.94771 19.7872 1 ]
Camera "world" "float[2] shutteropening" [0 1]
EditEnd 
##streammarker2961
EditBegin "option" 
Identity 
#Camera perspShape
Clipping 0.1 10000
Projection "perspective" "fov" [54.4322]
ScreenWindow -1 1 -0.5625 0.5625
Shutter 0 0
ConcatTransform [ -0.988756 0.0365261 0.145006 0  2.32476e-08 0.969709 -0.244264 0  0.149535 0.241518 0.958806 0  2.08718 -2.95127 19.773 1 ]
Camera "world" "float[2] shutteropening" [0 1]
EditEnd 
##streammarker2962
EditBegin "option" 
Identity 
#Camera perspShape
Clipping 0.1 10000
Projection "perspective" "fov" [54.4322]
ScreenWindow -1 1 -0.5625 0.5625
Shutter 0 0
ConcatTransform [ -0.986572 0.038234 0.158788 0  2.38575e-08 0.972213 -0.234096 0  0.163326 0.230953 0.959159 0  2.0828 -2.96248 19.7138 1 ]
Camera "world" "float[2] shutteropening" [0 1]
EditEnd 
##streammarker2963
EditBegin "option" 
Identity 
#Camera perspShape
Clipping 0.1 10000
Projection "perspective" "fov" [54.4322]
ScreenWindow -1 1 -0.5625 0.5625
Shutter 0 0
ConcatTransform [ -0.984196 0.0414552 0.172163 3.45717e-10  1.97299e-08 0.972213 -0.234096 4.80399e-09  0.177085 0.230396 0.956848 1.9214e-09  2.07802 -2.96928 19.6856 1 ]
Camera "world" "float[2] shutteropening" [0 1]
EditEnd 
##streammarker2964
EditBegin "option" 
Identity 
#Camera perspShape
Clipping 0.1 10000
Projection "perspective" "fov" [54.4322]
ScreenWindow -1 1 -0.5625 0.5625
Shutter 0 0
ConcatTransform [ -0.981627 0.0446674 0.185508 2.14919e-08  9.58488e-08 0.972213 -0.234096 8.69403e-09  0.190809 0.229795 0.954351 8.2606e-09  2.07283 -2.97607 19.6574 1 ]
Camera "world" "float[2] shutteropening" [0 1]
EditEnd 
##streammarker2965
EditBegin "option" 
Identity 
#Camera perspShape
Clipping 0.1 10000
Projection "perspective" "fov" [54.4322]
ScreenWindow -1 1 -0.5625 0.5625
Shutter 0 0
ConcatTransform [ -0.980271 0.0462705 0.192166 -6.8384e-10  -7.82531e-08 0.972213 -0.234096 -8.49345e-09  0.197657 0.229478 0.953033 -3.39148e-09  2.07009 -2.97945 19.6433 1 ]
Camera "world" "float[2] shutteropening" [0 1]
EditEnd 
##streammarker2966
EditBegin "option" 
Identity 
#Camera perspShape
Clipping 0.1 10000
Projection "perspective" "fov" [54.4322]
ScreenWindow -1 1 -0.5625 0.5625
Shutter 0 0
ConcatTransform [ -0.978867 0.0478722 0.198815 1.72288e-10  5.64217e-08 0.972214 -0.234096 2.06666e-09  0.204496 0.229149 0.951668 8.24691e-10  2.06724 -2.98283 19.6293 1 ]
Camera "world" "float[2] shutteropening" [0 1]
EditEnd 
##streammarker2967
EditBegin "option" 
Identity 
#Camera perspShape
Clipping 0.1 10000
Projection "perspective" "fov" [54.4322]
ScreenWindow -1 1 -0.5625 0.5625
Shutter 0 0
ConcatTransform [ -0.975917 0.0510666 0.212082 6.31547e-10  -3.24776e-08 0.972213 -0.234096 7.09061e-09  0.218143 0.228458 0.948799 2.82538e-09  2.06125 -2.98958 19.6013 1 ]
Camera "world" "float[2] shutteropening" [0 1]
EditEnd 
##streammarker2968
EditBegin "option" 
Identity 
#Camera perspShape
Clipping 0.1 10000
Projection "perspective" "fov" [54.4322]
ScreenWindow -1 1 -0.5625 0.5625
Shutter 0 0
ConcatTransform [ -0.972776 0.0542515 0.225308 -2.30169e-10  -3.67644e-08 0.972213 -0.234096 -2.42868e-09  0.231748 0.227723 0.945746 -9.66151e-10  2.05485 -2.99631 19.5733 1 ]
Camera "world" "float[2] shutteropening" [0 1]
EditEnd 
##streammarker2969
EditBegin "option" 
Identity 
#Camera perspShape
Clipping 0.1 10000
Projection "perspective" "fov" [54.4322]
ScreenWindow -1 1 -0.5625 0.5625
Shutter 0 0
ConcatTransform [ -0.969445 0.0574253 0.238491 1.38489e-08  0 0.972213 -0.234096 2.03646e-08  0.245307 0.226943 0.942508 -6.8258e-11  2.04805 -3.00301 19.5455 1 ]
Camera "world" "float[2] shutteropening" [0 1]
EditEnd 
##streammarker2970
EditBegin "option" 
Identity 
#Camera perspShape
Clipping 0.1 10000
Projection "perspective" "fov" [54.4322]
ScreenWindow -1 1 -0.5625 0.5625
Shutter 0 0
ConcatTransform [ -0.965926 0.0605887 0.251627 1.28807e-08  -6.81083e-08 0.972214 -0.234097 -6.60647e-09  0.258819 0.22612 0.939086 1.88014e-09  2.04086 -3.0097 19.5177 1 ]
Camera "world" "float[2] shutteropening" [0 1]
EditEnd 
##streammarker2971
EditBegin "option" 
Identity 
#Camera perspShape
Clipping 0.1 10000
Projection "perspective" "fov" [54.4322]
ScreenWindow -1 1 -0.5625 0.5625
Shutter 0 0
ConcatTransform [ -0.962218 0.0637397 0.264715 -2.1919e-10  -4.97637e-08 0.972213 -0.234096 -1.95934e-09  0.27228 0.225252 0.935481 -7.74601e-10  2.03327 -3.01635 19.4901 1 ]
Camera "world" "float[2] shutteropening" [0 1]
EditEnd 
##streammarker2972
EditBegin "option" 
Identity 
#Camera perspShape
Clipping 0.1 10000
Projection "perspective" "fov" [54.4322]
ScreenWindow -1 1 -0.5625 0.5625
Shutter 0 0
ConcatTransform [ -0.960294 0.0653108 0.271239 3.46751e-10  5.19531e-08 0.972214 -0.234096 3.02269e-09  0.278991 0.224801 0.93361 1.19352e-09  2.02932 -3.01967 19.4763 1 ]
Camera "world" "float[2] shutteropening" [0 1]
EditEnd 
##streammarker2973
EditBegin "option" 
Identity 
#Camera perspShape
Clipping 0.1 10000
Projection "perspective" "fov" [54.4322]
ScreenWindow -1 1 -0.5625 0.5625
Shutter 0 0
ConcatTransform [ -0.956305 0.0684432 0.284248 4.63542e-09  -2.81769e-08 0.972214 -0.234096 -8.96271e-09  0.292372 0.223867 0.929732 2.01864e-09  2.02113 -3.02629 19.4488 1 ]
Camera "world" "float[2] shutteropening" [0 1]
EditEnd 
##streammarker2974
EditBegin "option" 
Identity 
#Camera perspShape
Clipping 0.1 10000
Projection "perspective" "fov" [54.4322]
ScreenWindow -1 1 -0.5625 0.5625
Shutter 0 0
ConcatTransform [ -0.952129 0.071562 0.297201 -1.36882e-10  0 0.972213 -0.234096 -1.08562e-09  0.305695 0.22289 0.925673 -4.26336e-10  2.01255 -3.03289 19.4214 1 ]
Camera "world" "float[2] shutteropening" [0 1]
EditEnd 
##streammarker2975
EditBegin "option" 
Identity 
#Camera perspShape
Clipping 0.1 10000
Projection "perspective" "fov" [54.4322]
ScreenWindow -1 1 -0.5625 0.5625
Shutter 0 0
ConcatTransform [ -0.947768 0.0746672 0.310096 -1.83106e-09  -3.26248e-08 0.972213 -0.234096 -8.72112e-09  0.318959 0.221869 0.921433 -6.60779e-09  2.00358 -3.03945 19.3942 1 ]
Camera "world" "float[2] shutteropening" [0 1]
EditEnd 
##streammarker2976
EditBegin "option" 
Identity 
#Camera perspShape
Clipping 0.1 10000
Projection "perspective" "fov" [54.4322]
ScreenWindow -1 1 -0.5625 0.5625
Shutter 0 0
ConcatTransform [ -0.943223 0.0777578 0.322931 8.81063e-10  1.74373e-08 0.972213 -0.234096 6.4112e-09  0.332161 0.220805 0.917014 2.50191e-09  1.99421 -3.04598 19.367 1 ]
Camera "world" "float[2] shutteropening" [0 1]
EditEnd 
##streammarker2977
EditBegin "option" 
Identity 
#Camera perspShape
Clipping 0.1 10000
Projection "perspective" "fov" [54.4322]
ScreenWindow -1 1 -0.5625 0.5625
Shutter 0 0
ConcatTransform [ -0.938493 0.0808331 0.335704 1.97484e-09  3.71433e-08 0.972214 -0.234096 7.154e-09  0.345298 0.219698 0.912416 -8.29024e-10  1.98446 -3.05248 19.34 1 ]
Camera "world" "float[2] shutteropening" [0 1]
EditEnd 
##streammarker2978
EditBegin "option" 
Identity 
#Camera perspShape
Clipping 0.1 10000
Projection "perspective" "fov" [54.4322]
ScreenWindow -1 1 -0.5625 0.5625
Shutter 0 0
ConcatTransform [ -0.93606 0.0823648 0.342065 1.24051e-09  3.8285e-08 0.972213 -0.234096 8.50227e-09  0.351842 0.219128 0.91005 3.30032e-09  1.97944 -3.05572 19.3266 1 ]
Camera "world" "float[2] shutteropening" [0 1]
EditEnd 
##streammarker2979
EditBegin "option" 
Identity 
#Camera perspShape
Clipping 0.1 10000
Projection "perspective" "fov" [54.4322]
ScreenWindow -1 1 -0.5625 0.5625
Shutter 0 0
ConcatTransform [ -0.933581 0.0911707 0.346577 4.57162e-10  -3.71816e-08 0.967098 -0.254405 2.90487e-09  0.358368 0.237508 0.902864 1.19095e-09  1.97432 -3.0588 19.3772 1 ]
Camera "world" "float[2] shutteropening" [0 1]
EditEnd 
##streammarker2980
EditBegin "option" 
Identity 
#Camera perspShape
Clipping 0.1 10000
Projection "perspective" "fov" [54.4322]
ScreenWindow -1 1 -0.5625 0.5625
Shutter 0 0
ConcatTransform [ -0.931056 0.0928267 0.352872 5.68433e-10  -7.65407e-08 0.967098 -0.254405 3.54474e-09  0.364877 0.236866 0.900422 1.45047e-09  1.9691 -3.0623 19.3639 1 ]
Camera "world" "float[2] shutteropening" [0 1]
EditEnd 
##streammarker2981
EditBegin "option" 
Identity 
#Camera perspShape
Clipping 0.1 10000
Projection "perspective" "fov" [54.4322]
ScreenWindow -1 1 -0.5625 0.5625
Shutter 0 0
ConcatTransform [ -0.928486 0.0944781 0.359149 -5.3531e-09  -7.87284e-08 0.967098 -0.254406 -6.83672e-09  0.371368 0.236212 0.897936 5.24569e-09  1.96379 -3.06579 19.3506 1 ]
Camera "world" "float[2] shutteropening" [0 1]
EditEnd 
##streammarker2982
EditBegin "option" 
Identity 
#Camera perspShape
Clipping 0.1 10000
Projection "perspective" "fov" [54.4322]
ScreenWindow -1 1 -0.5625 0.5625
Shutter 0 0
ConcatTransform [ -0.925871 0.0961246 0.365409 3.75326e-10  -2.02317e-08 0.967098 -0.254406 2.25677e-09  0.377841 0.235546 0.895407 9.19708e-10  1.95839 -3.06928 19.3374 1 ]
Camera "world" "float[2] shutteropening" [0 1]
EditEnd 
##streammarker2983
EditBegin "option" 
Identity 
#Camera perspShape
Clipping 0.1 10000
Projection "perspective" "fov" [54.4322]
ScreenWindow -1 1 -0.5625 0.5625
Shutter 0 0
ConcatTransform [ -0.925871 0.103756 0.363316 3.22065e-09  -7.64791e-08 0.961558 -0.274603 5.27603e-09  0.377841 0.254247 0.890278 -1.84327e-09  1.95839 -3.06861 19.4017 1 ]
Camera "world" "float[2] shutteropening" [0 1]
EditEnd 
##streammarker2984
EditBegin "option" 
Identity 
#Camera perspShape
Clipping 0.1 10000
Projection "perspective" "fov" [54.4322]
ScreenWindow -1 1 -0.5625 0.5625
Shutter 0 0
ConcatTransform [ -0.92321 0.105529 0.369522 1.40344e-09  -5.89286e-08 0.961558 -0.274603 7.85216e-09  0.384295 0.253516 0.88772 3.37154e-09  1.95289 -3.07236 19.3885 1 ]
Camera "world" "float[2] shutteropening" [0 1]
EditEnd 
##streammarker2985
EditBegin "option" 
Identity 
#Camera perspShape
Clipping 0.1 10000
Projection "perspective" "fov" [54.4322]
ScreenWindow -1 1 -0.5625 0.5625
Shutter 0 0
ConcatTransform [ -0.92321 0.105529 0.369522 1.40344e-09  -5.89286e-08 0.961558 -0.274603 7.85216e-09  0.384295 0.253516 0.88772 3.37154e-09  1.95289 -3.07236 19.3885 1 ]
Camera "world" "float[2] shutteropening" [0 1]
EditEnd 
##streammarker2986
EditBegin "option" 
Identity 
#Camera perspShape
Clipping 0.1 10000
Projection "perspective" "fov" [54.4322]
ScreenWindow -1 1 -0.5625 0.5625
Shutter 0 0
ConcatTransform [ -0.920505 0.107296 0.37571 8.74778e-10  4.03372e-08 0.961558 -0.274603 4.81005e-09  0.390731 0.252773 0.885118 2.06085e-09  1.94729 -3.0761 19.3755 1 ]
Camera "world" "float[2] shutteropening" [0 1]
EditEnd 
##streammarker2987
EditBegin "option" 
Identity 
#Camera perspShape
Clipping 0.1 10000
Projection "perspective" "fov" [54.4322]
ScreenWindow -1 1 -0.5625 0.5625
Shutter 0 0
ConcatTransform [ -0.91496 0.110815 0.388032 7.23605e-09  -8.49135e-08 0.961558 -0.274603 -3.02774e-09  0.403545 0.251251 0.879787 3.23574e-09  1.93581 -3.08354 19.3494 1 ]
Camera "world" "float[2] shutteropening" [0 1]
EditEnd 
##streammarker2988
EditBegin "option" 
Identity 
#Camera perspShape
Clipping 0.1 10000
Projection "perspective" "fov" [54.4322]
ScreenWindow -1 1 -0.5625 0.5625
Shutter 0 0
ConcatTransform [ -0.91212 0.112566 0.394165 -1.51422e-09  -4.3525e-08 0.961558 -0.274603 -7.91816e-09  0.409923 0.250471 0.877056 -3.3693e-09  1.92993 -3.08725 19.3364 1 ]
Camera "world" "float[2] shutteropening" [0 1]
EditEnd 
##streammarker2989
EditBegin "option" 
Identity 
#Camera perspShape
Clipping 0.1 10000
Projection "perspective" "fov" [54.4322]
ScreenWindow -1 1 -0.5625 0.5625
Shutter 0 0
ConcatTransform [ -0.909236 0.114312 0.400278 -1.83851e-09  -2.22996e-08 0.961558 -0.274603 -9.4599e-09  0.416281 0.249679 0.874283 -4.01565e-09  1.92396 -3.09094 19.3235 1 ]
Camera "world" "float[2] shutteropening" [0 1]
EditEnd 
##streammarker2990
EditBegin "option" 
Identity 
#Camera perspShape
Clipping 0.1 10000
Projection "perspective" "fov" [54.4322]
ScreenWindow -1 1 -0.5625 0.5625
Shutter 0 0
ConcatTransform [ -0.906308 0.120301 0.405134 5.18144e-09  4.44455e-08 0.958629 -0.284657 6.91528e-09  0.422618 0.257987 0.868813 -1.82438e-09  1.91789 -3.09474 19.343 1 ]
Camera "world" "float[2] shutteropening" [0 1]
EditEnd 
##streammarker2991
EditBegin "option" 
Identity 
#Camera perspShape
Clipping 0.1 10000
Projection "perspective" "fov" [54.4322]
ScreenWindow -1 1 -0.5625 0.5625
Shutter 0 0
ConcatTransform [ -0.903335 0.1221 0.41119 -1.17265e-09  0 0.958629 -0.284657 -5.6945e-09  0.428935 0.257141 0.865964 -2.4696e-09  1.91173 -3.09855 19.3302 1 ]
Camera "world" "float[2] shutteropening" [0 1]
EditEnd 
##streammarker2992
EditBegin "option" 
Identity 
#Camera perspShape
Clipping 0.1 10000
Projection "perspective" "fov" [54.4322]
ScreenWindow -1 1 -0.5625 0.5625
Shutter 0 0
ConcatTransform [ -0.900319 0.123892 0.417225 -4.74216e-10  4.65681e-08 0.958629 -0.284657 -2.26781e-09  0.435231 0.256282 0.863072 -9.80963e-10  1.90547 -3.10234 19.3174 1 ]
Camera "world" "float[2] shutteropening" [0 1]
EditEnd 
##streammarker2993
EditBegin "option" 
Identity 
#Camera perspShape
Clipping 0.1 10000
Projection "perspective" "fov" [54.4322]
ScreenWindow -1 1 -0.5625 0.5625
Shutter 0 0
ConcatTransform [ -0.897258 0.130103 0.421901 4.25765e-09  -4.6375e-08 0.955596 -0.29468 -6.26074e-09  0.441506 0.264404 0.857416 2.36123e-09  1.89912 -3.1063 19.3372 1 ]
Camera "world" "float[2] shutteropening" [0 1]
EditEnd 
##streammarker2994
EditBegin "option" 
Identity 
#Camera perspShape
Clipping 0.1 10000
Projection "perspective" "fov" [54.4322]
ScreenWindow -1 1 -0.5625 0.5625
Shutter 0 0
ConcatTransform [ -0.894154 0.131946 0.427877 5.77208e-09  -2.37124e-08 0.955596 -0.29468 6.31145e-09  0.447759 0.263489 0.85445 -2.44833e-09  1.89268 -3.1102 19.3245 1 ]
Camera "world" "float[2] shutteropening" [0 1]
EditEnd 
##streammarker2995
EditBegin "option" 
Identity 
#Camera perspShape
Clipping 0.1 10000
Projection "perspective" "fov" [54.4322]
ScreenWindow -1 1 -0.5625 0.5625
Shutter 0 0
ConcatTransform [ -0.891006 0.133782 0.433831 3.80741e-09  7.27218e-08 0.955596 -0.29468 -5.20343e-09  0.45399 0.262562 0.851442 3.04574e-09  1.88615 -3.11408 19.3119 1 ]
Camera "world" "float[2] shutteropening" [0 1]
EditEnd 
##streammarker2996
EditBegin "option" 
Identity 
#Camera perspShape
Clipping 0.1 10000
Projection "perspective" "fov" [54.4322]
ScreenWindow -1 1 -0.5625 0.5625
Shutter 0 0
ConcatTransform [ -0.887815 0.135612 0.439765 1.02798e-09  4.95443e-08 0.955596 -0.29468 4.51659e-09  0.4602 0.261622 0.848393 1.98317e-09  1.87952 -3.11796 19.2994 1 ]
Camera "world" "float[2] shutteropening" [0 1]
EditEnd 
##streammarker2997
EditBegin "option" 
Identity 
#Camera perspShape
Clipping 0.1 10000
Projection "perspective" "fov" [54.4322]
ScreenWindow -1 1 -0.5625 0.5625
Shutter 0 0
ConcatTransform [ -0.884581 0.137435 0.445677 -1.11018e-09  7.59215e-08 0.955596 -0.29468 -4.80943e-09  0.466387 0.260668 0.845302 -2.10564e-09  1.87281 -3.12182 19.2869 1 ]
Camera "world" "float[2] shutteropening" [0 1]
EditEnd 
##streammarker2998
EditBegin "option" 
Identity 
#Camera perspShape
Clipping 0.1 10000
Projection "perspective" "fov" [54.4322]
ScreenWindow -1 1 -0.5625 0.5625
Shutter 0 0
ConcatTransform [ -0.881303 0.139251 0.451568 -3.40482e-10  -1.16306e-07 0.955596 -0.29468 -1.45469e-09  0.472551 0.259703 0.84217 -6.34996e-10  1.866 -3.12566 19.2744 1 ]
Camera "world" "float[2] shutteropening" [0 1]
EditEnd 
##streammarker2999
EditBegin "option" 
Identity 
#Camera perspShape
Clipping 0.1 10000
Projection "perspective" "fov" [54.4322]
ScreenWindow -1 1 -0.5625 0.5625
Shutter 0 0
ConcatTransform [ -0.87462 0.142864 0.463282 -2.37245e-09  -3.27834e-09 0.955596 -0.29468 7.31788e-11  0.48481 0.257733 0.835783 1.04374e-09  1.85211 -3.13331 19.2496 1 ]
Camera "world" "float[2] shutteropening" [0 1]
EditEnd 
##streammarker3000
EditBegin "option" 
Identity 
#Camera perspShape
Clipping 0.1 10000
Projection "perspective" "fov" [54.4322]
ScreenWindow -1 1 -0.5625 0.5625
Shutter 0 0
ConcatTransform [ -0.871214 0.14466 0.469106 2.82351e-09  9.84097e-09 0.955596 -0.29468 1.35198e-09  0.490904 0.256729 0.832528 -4.19137e-09  1.84503 -3.13712 19.2373 1 ]
Camera "world" "float[2] shutteropening" [0 1]
EditEnd 
##streammarker3001
EditBegin "option" 
Identity 
#Camera perspShape
Clipping 0.1 10000
Projection "perspective" "fov" [54.4322]
ScreenWindow -1 1 -0.5625 0.5625
Shutter 0 0
ConcatTransform [ -0.867765 0.146448 0.474906 -3.59719e-10  9.84672e-09 0.955596 -0.29468 1.10972e-11  0.496974 0.255713 0.829233 1.64543e-10  1.83786 -3.1409 19.225 1 ]
Camera "world" "float[2] shutteropening" [0 1]
EditEnd 
##streammarker3002
EditBegin "option" 
Identity 
#Camera perspShape
Clipping 0.1 10000
Projection "perspective" "fov" [54.4322]
ScreenWindow -1 1 -0.5625 0.5625
Shutter 0 0
ConcatTransform [ -0.864275 0.14823 0.480684 4.24253e-10  1.31364e-08 0.955596 -0.29468 -1.30889e-11  0.50302 0.254685 0.825898 -1.97811e-10  1.8306 -3.14468 19.2127 1 ]
Camera "world" "float[2] shutteropening" [0 1]
EditEnd 
##streammarker3003
EditBegin "option" 
Identity 
#Camera perspShape
Clipping 0.1 10000
Projection "perspective" "fov" [54.4322]
ScreenWindow -1 1 -0.5625 0.5625
Shutter 0 0
ConcatTransform [ -0.860742 0.150004 0.486438 7.74442e-10  -6.57177e-09 0.955596 -0.29468 -2.38945e-11  0.509041 0.253644 0.822522 -3.67982e-10  1.82326 -3.14844 19.2006 1 ]
Camera "world" "float[2] shutteropening" [0 1]
EditEnd 
##streammarker3004
EditBegin "option" 
Identity 
#Camera perspShape
Clipping 0.1 10000
Projection "perspective" "fov" [54.4322]
ScreenWindow -1 1 -0.5625 0.5625
Shutter 0 0
ConcatTransform [ -0.857167 0.151772 0.492168 4.19245e-10  0 0.955596 -0.29468 1.44197e-09  0.515038 0.25259 0.819106 -3.1668e-09  1.81582 -3.15218 19.1884 1 ]
Camera "world" "float[2] shutteropening" [0 1]
EditEnd 
##streammarker3005
EditBegin "option" 
Identity 
#Camera perspShape
Clipping 0.1 10000
Projection "perspective" "fov" [54.4322]
ScreenWindow -1 1 -0.5625 0.5625
Shutter 0 0
ConcatTransform [ -0.842452 0.158765 0.514847 -1.64871e-09  -3.294e-09 0.955596 -0.29468 5.08873e-11  0.538771 0.248254 0.805044 8.58515e-10  1.78519 -3.167 19.1404 1 ]
Camera "world" "float[2] shutteropening" [0 1]
EditEnd 
##streammarker3006
EditBegin "option" 
Identity 
#Camera perspShape
Clipping 0.1 10000
Projection "perspective" "fov" [54.4322]
ScreenWindow -1 1 -0.5625 0.5625
Shutter 0 0
ConcatTransform [ -0.819152 0.174752 0.546308 2.20475e-09  -1.96835e-08 0.952458 -0.304671 -7.02855e-11  0.573576 0.249572 0.780208 -1.27555e-09  1.73664 -3.19137 19.1033 1 ]
Camera "world" "float[2] shutteropening" [0 1]
EditEnd 
##streammarker3007
EditBegin "option" 
Identity 
#Camera perspShape
Clipping 0.1 10000
Projection "perspective" "fov" [54.4322]
ScreenWindow -1 1 -0.5625 0.5625
Shutter 0 0
ConcatTransform [ -0.794415 0.191097 0.57653 2.58974e-09  -3.26618e-09 0.949215 -0.314628 -8.51732e-11  0.607376 0.249945 0.75407 -1.65654e-09  1.68505 -3.2162 19.0687 1 ]
Camera "world" "float[2] shutteropening" [0 1]
EditEnd 
##streammarker3008
EditBegin "option" 
Identity 
#Camera perspShape
Clipping 0.1 10000
Projection "perspective" "fov" [54.4322]
ScreenWindow -1 1 -0.5625 0.5625
Shutter 0 0
ConcatTransform [ -0.759271 0.217644 0.613301 3.18167e-09  0 0.942418 -0.334438 -1.10984e-10  0.650774 0.253929 0.715551 -2.31512e-09  1.61167 -3.25193 19.0493 1 ]
Camera "world" "float[2] shutteropening" [0 1]
EditEnd 
##streammarker3009
EditBegin "option" 
Identity 
#Camera perspShape
Clipping 0.1 10000
Projection "perspective" "fov" [54.4322]
ScreenWindow -1 1 -0.5625 0.5625
Shutter 0 0
ConcatTransform [ -0.726575 0.229788 0.647523 1.12303e-09  6.47523e-09 0.942418 -0.334438 -3.91996e-11  0.687088 0.242994 0.684737 -9.0997e-10  1.54334 -3.27771 18.9766 1 ]
Camera "world" "float[2] shutteropening" [0 1]
EditEnd 
##streammarker3010
EditBegin "option" 
Identity 
#Camera perspShape
Clipping 0.1 10000
Projection "perspective" "fov" [54.4322]
ScreenWindow -1 1 -0.5625 0.5625
Shutter 0 0
ConcatTransform [ -0.697165 0.246824 0.673082 1.56641e-10  -1.28826e-08 0.938864 -0.344288 -5.62394e-12  0.716911 0.240026 0.654543 -1.39079e-10  1.48183 -3.30313 18.9515 1 ]
Camera "world" "float[2] shutteropening" [0 1]
EditEnd 
##streammarker3011
EditBegin "option" 
Identity 
#Camera perspShape
Clipping 0.1 10000
Projection "perspective" "fov" [54.4322]
ScreenWindow -1 1 -0.5625 0.5625
Shutter 0 0
ConcatTransform [ -0.666533 0.256659 0.699901 3.67123e-10  0 0.938864 -0.344288 -1.31896e-11  0.745476 0.229479 0.625783 -3.56643e-10  1.41772 -3.32404 18.8945 1 ]
Camera "world" "float[2] shutteropening" [0 1]
EditEnd 
##streammarker3012
EditBegin "option" 
Identity 
#Camera perspShape
Clipping 0.1 10000
Projection "perspective" "fov" [54.4322]
ScreenWindow -1 1 -0.5625 0.5625
Shutter 0 0
ConcatTransform [ -0.645458 0.270461 0.714307 -7.79483e-10  -3.20588e-09 0.935207 -0.354101 2.87752e-11  0.763796 0.228557 0.603637 8.04652e-10  1.37359 -3.34231 18.8928 1 ]
Camera "world" "float[2] shutteropening" [0 1]
EditEnd 
##streammarker3013
EditBegin "option" 
Identity 
#Camera perspShape
Clipping 0.1 10000
Projection "perspective" "fov" [54.4322]
ScreenWindow -1 1 -0.5625 0.5625
Shutter 0 0
ConcatTransform [ -0.64011 0.27205 0.718504 -5.77501e-10  -3.20654e-09 0.935207 -0.354101 2.13215e-11  0.768284 0.226663 0.598635 6.05167e-10  1.36239 -3.34569 18.8839 1 ]
Camera "world" "float[2] shutteropening" [0 1]
EditEnd 
##streammarker3014
EditBegin "option" 
Identity 
#Camera perspShape
Clipping 0.1 10000
Projection "perspective" "fov" [54.4322]
ScreenWindow -1 1 -0.5625 0.5625
Shutter 0 0
ConcatTransform [ -0.634731 0.273626 0.722666 6.07462e-10  1.60359e-09 0.935207 -0.354101 -2.24304e-11  0.772734 0.224759 0.593605 -6.46204e-10  1.35112 -3.34904 18.875 1 ]
Camera "world" "float[2] shutteropening" [0 1]
EditEnd 
##streammarker3015
EditBegin "option" 
Identity 
#Camera perspShape
Clipping 0.1 10000
Projection "perspective" "fov" [54.4322]
ScreenWindow -1 1 -0.5625 0.5625
Shutter 0 0
ConcatTransform [ -0.634731 0.281178 0.719761 6.8311e-10  3.18499e-09 0.931448 -0.363875 -2.58833e-11  0.772734 0.230962 0.591218 -7.27247e-10  1.35112 -3.3537 18.9101 1 ]
Camera "world" "float[2] shutteropening" [0 1]
EditEnd 
##streammarker3016
EditBegin "option" 
Identity 
#Camera perspShape
Clipping 0.1 10000
Projection "perspective" "fov" [54.4322]
ScreenWindow -1 1 -0.5625 0.5625
Shutter 0 0
ConcatTransform [ -0.62932 0.282784 0.723871 -6.75767e-10  1.27426e-08 0.931448 -0.363875 1.47925e-09  0.777146 0.228994 0.586179 -3.23911e-09  1.33979 -3.35712 18.9014 1 ]
Camera "world" "float[2] shutteropening" [0 1]
EditEnd 
##streammarker3017
EditBegin "option" 
Identity 
#Camera perspShape
Clipping 0.1 10000
Projection "perspective" "fov" [54.4322]
ScreenWindow -1 1 -0.5625 0.5625
Shutter 0 0
ConcatTransform [ -0.62932 0.290349 0.72087 1.8331e-10  3.16313e-09 0.927586 -0.373609 -7.12234e-12  0.777146 0.23512 0.583749 -1.9827e-10  1.33979 -3.36151 18.9366 1 ]
Camera "world" "float[2] shutteropening" [0 1]
EditEnd 
##streammarker3018
EditBegin "option" 
Identity 
#Camera perspShape
Clipping 0.1 10000
Projection "perspective" "fov" [54.4322]
ScreenWindow -1 1 -0.5625 0.5625
Shutter 0 0
ConcatTransform [ -0.618408 0.293603 0.72895 4.08817e-10  -6.32892e-09 0.927586 -0.373609 -1.58883e-11  0.785857 0.231043 0.573627 -4.55725e-10  1.31693 -3.36844 18.9194 1 ]
Camera "world" "float[2] shutteropening" [0 1]
EditEnd 
##streammarker3019
EditBegin "option" 
Identity 
#Camera perspShape
Clipping 0.1 10000
Projection "perspective" "fov" [54.4322]
ScreenWindow -1 1 -0.5625 0.5625
Shutter 0 0
ConcatTransform [ -0.607376 0.304501 0.73374 4.14861e-11  -1.57149e-08 0.923623 -0.383302 -1.65229e-12  0.794415 0.232808 0.560986 -4.77064e-11  1.29381 -3.37962 18.9378 1 ]
Camera "world" "float[2] shutteropening" [0 1]
EditEnd 
##streammarker3020
EditBegin "option" 
Identity 
#Camera perspShape
Clipping 0.1 10000
Projection "perspective" "fov" [54.4322]
ScreenWindow -1 1 -0.5625 0.5625
Shutter 0 0
ConcatTransform [ -0.596225 0.315469 0.738238 -9.98489e-10  -6.24246e-09 0.919559 -0.392953 4.07232e-11  0.802817 0.234288 0.548264 1.18463e-09  1.27044 -3.39066 18.9568 1 ]
Camera "world" "float[2] shutteropening" [0 1]
EditEnd 
##streammarker3021
EditBegin "option" 
Identity 
#Camera perspShape
Clipping 0.1 10000
Projection "perspective" "fov" [54.4322]
ScreenWindow -1 1 -0.5625 0.5625
Shutter 0 0
ConcatTransform [ -0.567844 0.331362 0.753494 3.7457e-09  -2.48084e-08 0.915393 -0.402561 -2.96977e-09  0.823136 0.228592 0.5198 4.03191e-09  1.21094 -3.4119 18.9527 1 ]
Camera "world" "float[2] shutteropening" [0 1]
EditEnd 
##streammarker3022
EditBegin "option" 
Identity 
#Camera perspShape
Clipping 0.1 10000
Projection "perspective" "fov" [54.4322]
ScreenWindow -1 1 -0.5625 0.5625
Shutter 0 0
ConcatTransform [ -0.544639 0.337616 0.767713 -8.62202e-10  -3.4137e-08 0.915393 -0.402561 3.60249e-11  0.83867 0.21925 0.498559 1.17727e-09  1.16227 -3.42524 18.9223 1 ]
Camera "world" "float[2] shutteropening" [0 1]
EditEnd 
##streammarker3023
EditBegin "option" 
Identity 
#Camera perspShape
Clipping 0.1 10000
Projection "perspective" "fov" [54.4322]
ScreenWindow -1 1 -0.5625 0.5625
Shutter 0 0
ConcatTransform [ -0.496974 0.357627 0.790645 -2.3682e-09  4.62619e-09 0.911128 -0.412124 1.50466e-09  0.867765 0.204815 0.452807 -1.36008e-09  1.06226 -3.45501 18.9016 1 ]
Camera "world" "float[2] shutteropening" [0 1]
EditEnd 
##streammarker3024
EditBegin "option" 
Identity 
#Camera perspShape
Clipping 0.1 10000
Projection "perspective" "fov" [54.4322]
ScreenWindow -1 1 -0.5625 0.5625
Shutter 0 0
ConcatTransform [ -0.4602 0.36589 0.808913 -2.83537e-10  1.54343e-09 0.911128 -0.412124 1.21454e-11  0.887815 0.18966 0.419301 4.88651e-10  0.98506 -3.47268 18.8625 1 ]
Camera "world" "float[2] shutteropening" [0 1]
EditEnd 
##streammarker3025
EditBegin "option" 
Identity 
#Camera perspShape
Clipping 0.1 10000
Projection "perspective" "fov" [54.4322]
ScreenWindow -1 1 -0.5625 0.5625
Shutter 0 0
ConcatTransform [ -0.428935 0.372287 0.823054 -2.45605e-09  9.26662e-09 0.911128 -0.412124 1.5171e-09  0.903335 0.176775 0.390815 -1.20127e-09  0.9194 -3.48638 18.8322 1 ]
Camera "world" "float[2] shutteropening" [0 1]
EditEnd 
##streammarker3026
EditBegin "option" 
Identity 
#Camera perspShape
Clipping 0.1 10000
Projection "perspective" "fov" [54.4322]
ScreenWindow -1 1 -0.5625 0.5625
Shutter 0 0
ConcatTransform [ -0.397148 0.378229 0.836192 -5.02136e-10  0 0.911128 -0.412124 2.15676e-11  0.917755 0.163674 0.361852 1.04031e-09  0.85262 -3.49913 18.8041 1 ]
Camera "world" "float[2] shutteropening" [0 1]
EditEnd 
##streammarker3027
EditBegin "option" 
Identity 
#Camera perspShape
Clipping 0.1 10000
Projection "perspective" "fov" [54.4322]
ScreenWindow -1 1 -0.5625 0.5625
Shutter 0 0
ConcatTransform [ -0.377841 0.381574 0.843586 3.2512e-10  -6.18335e-09 0.911128 -0.412124 -1.39782e-11  0.925871 0.155717 0.344261 -7.14893e-10  0.812048 -3.50631 18.7882 1 ]
Camera "world" "float[2] shutteropening" [0 1]
EditEnd 
##streammarker3028
EditBegin "option" 
Identity 
#Camera perspShape
Clipping 0.1 10000
Projection "perspective" "fov" [54.4322]
ScreenWindow -1 1 -0.5625 0.5625
Shutter 0 0
ConcatTransform [ -0.364877 0.383711 0.848311 7.24028e-11  1.23692e-08 0.911128 -0.412124 -3.11512e-12  0.931056 0.150375 0.332449 -1.65876e-10  0.784801 -3.51091 18.778 1 ]
Camera "world" "float[2] shutteropening" [0 1]
EditEnd 
##streammarker3029
EditBegin "option" 
Identity 
#Camera perspShape
Clipping 0.1 10000
Projection "perspective" "fov" [54.4322]
ScreenWindow -1 1 -0.5625 0.5625
Shutter 0 0
ConcatTransform [ -0.332161 0.388725 0.859396 -2.47916e-10  0 0.911128 -0.412124 1.06882e-11  0.943223 0.136892 0.302641 6.32856e-10  0.716027 -3.52171 18.7542 1 ]
Camera "world" "float[2] shutteropening" [0 1]
EditEnd 
##streammarker3030
EditBegin "option" 
Identity 
#Camera perspShape
Clipping 0.1 10000
Projection "perspective" "fov" [54.4322]
ScreenWindow -1 1 -0.5625 0.5625
Shutter 0 0
ConcatTransform [ -0.299041 0.393266 0.869435 3.34735e-11  6.18998e-09 0.911128 -0.412124 -1.44668e-12  0.95424 0.123242 0.272464 -9.61188e-11  0.646379 -3.53151 18.7325 1 ]
Camera "world" "float[2] shutteropening" [0 1]
EditEnd 
##streammarker3031
EditBegin "option" 
Identity 
#Camera perspShape
Clipping 0.1 10000
Projection "perspective" "fov" [54.4322]
ScreenWindow -1 1 -0.5625 0.5625
Shutter 0 0
ConcatTransform [ -0.258819 0.398082 0.880082 7.0291e-11  3.87036e-09 0.911128 -0.412124 -3.04937e-12  0.965926 0.106666 0.235817 -2.36282e-10  0.56177 -3.54194 18.7094 1 ]
Camera "world" "float[2] shutteropening" [0 1]
EditEnd 
##streammarker3032
EditBegin "option" 
Identity 
#Camera perspShape
Clipping 0.1 10000
Projection "perspective" "fov" [54.4322]
ScreenWindow -1 1 -0.5625 0.5625
Shutter 0 0
ConcatTransform [ -0.224951 0.410836 0.883522 -3.29454e-11  -3.84257e-09 0.906762 -0.421643 1.46636e-12  0.97437 0.094849 0.203977 1.28684e-10  0.490504 -3.55607 18.7299 1 ]
Camera "world" "float[2] shutteropening" [0 1]
EditEnd 
##streammarker3033
EditBegin "option" 
Identity 
#Camera perspShape
Clipping 0.1 10000
Projection "perspective" "fov" [54.4322]
ScreenWindow -1 1 -0.5625 0.5625
Shutter 0 0
ConcatTransform [ -0.177085 0.424302 0.888037 -6.13504e-11  -6.10346e-09 0.902297 -0.431115 2.81186e-12  0.984196 0.0763439 0.159783 3.07738e-10  0.389747 -3.57151 18.7478 1 ]
Camera "world" "float[2] shutteropening" [0 1]
EditEnd 
##streammarker3034
EditBegin "option" 
Identity 
#Camera perspShape
Clipping 0.1 10000
Projection "perspective" "fov" [54.4322]
ScreenWindow -1 1 -0.5625 0.5625
Shutter 0 0
ConcatTransform [ -0.142629 0.436036 0.888555 -2.73964e-09  -5.30016e-09 0.897733 -0.44054 1.51148e-09  0.989776 0.0628338 0.128043 -3.78588e-10  0.317193 -3.58293 18.7741 1 ]
Camera "world" "float[2] shutteropening" [0 1]
EditEnd 
##streammarker3035
EditBegin "option" 
Identity 
#Camera perspShape
Clipping 0.1 10000
Projection "perspective" "fov" [54.4322]
ScreenWindow -1 1 -0.5625 0.5625
Shutter 0 0
ConcatTransform [ -0.107999 0.437963 0.892482 -1.25494e-11  -7.57292e-10 0.897733 -0.44054 6.01595e-13  0.994151 0.0475781 0.0969546 1.04168e-10  0.244253 -3.58725 18.7653 1 ]
Camera "world" "float[2] shutteropening" [0 1]
EditEnd 
##streammarker3036
EditBegin "option" 
Identity 
#Camera perspShape
Clipping 0.1 10000
Projection "perspective" "fov" [54.4322]
ScreenWindow -1 1 -0.5625 0.5625
Shutter 0 0
ConcatTransform [ -0.0801989 0.439121 0.894841 -1.31248e-11  -7.57367e-10 0.897733 -0.44054 6.42621e-13  0.996779 0.0353308 0.0719972 1.46797e-10  0.185683 -3.58989 18.7599 1 ]
Camera "world" "float[2] shutteropening" [0 1]
EditEnd 
##streammarker3037
EditBegin "option" 
Identity 
#Camera perspShape
Clipping 0.1 10000
Projection "perspective" "fov" [54.4322]
ScreenWindow -1 1 -0.5625 0.5625
Shutter 0 0
ConcatTransform [ -0.052336 0.439936 0.896503 3.24646e-12  1.32548e-09 0.897733 -0.44054 -1.65769e-13  0.99863 0.0230561 0.0469837 -5.54918e-11  0.126967 -3.59182 18.756 1 ]
Camera "world" "float[2] shutteropening" [0 1]
EditEnd 
##streammarker3038
EditBegin "option" 
Identity 
#Camera perspShape
Clipping 0.1 10000
Projection "perspective" "fov" [54.4322]
ScreenWindow -1 1 -0.5625 0.5625
Shutter 0 0
ConcatTransform [ -0.0314108 0.440323 0.89729 -2.76277e-09  0 0.897733 -0.44054 1.51457e-09  0.999507 0.0138377 0.0281985 -1.65317e-10  0.0828635 -3.59279 18.754 1 ]
Camera "world" "float[2] shutteropening" [0 1]
EditEnd 
##streammarker3039
EditBegin "option" 
Identity 
#Camera perspShape
Clipping 0.1 10000
Projection "perspective" "fov" [54.4322]
ScreenWindow -1 1 -0.5625 0.5625
Shutter 0 0
ConcatTransform [ -0.00349065 0.440538 0.897727 -1.14577e-14  -1.42023e-10 0.897733 -0.44054 1.39394e-15  0.999994 0.00153777 0.00313367 2.46948e-12  0.0240051 -3.59344 18.7527 1 ]
Camera "world" "float[2] shutteropening" [0 1]
EditEnd 
##streammarker3040
EditBegin "option" 
Identity 
#Camera perspShape
Clipping 0.1 10000
Projection "perspective" "fov" [54.4322]
ScreenWindow -1 1 -0.5625 0.5625
Shutter 0 0
ConcatTransform [ 0.0174524 0.440473 0.897596 -2.76626e-09  -9.46817e-11 0.897733 -0.44054 1.51487e-09  0.999848 -0.00768849 -0.0156676 6.91699e-11  -0.0201536 -3.59346 18.7527 1 ]
Camera "world" "float[2] shutteropening" [0 1]
EditEnd 
##streammarker3041
EditBegin "option" 
Identity 
#Camera perspShape
Clipping 0.1 10000
Projection "perspective" "fov" [54.4322]
ScreenWindow -1 1 -0.5625 0.5625
Shutter 0 0
ConcatTransform [ 0.0383878 0.440216 0.897071 -6.57581e-14  1.04148e-09 0.897733 -0.44054 2.3956e-15  0.999263 -0.0169114 -0.034462 -1.5846e-12  -0.0643034 -3.59307 18.7535 1 ]
Camera "world" "float[2] shutteropening" [0 1]
EditEnd 
##streammarker3042
EditBegin "option" 
Identity 
#Camera perspShape
Clipping 0.1 10000
Projection "perspective" "fov" [54.4322]
ScreenWindow -1 1 -0.5625 0.5625
Shutter 0 0
ConcatTransform [ 0.0593064 0.439765 0.896153 -2.74784e-09  1.70417e-09 0.897733 -0.44054 1.51384e-09  0.99824 -0.0261268 -0.0532413 3.84419e-10  -0.108425 -3.59227 18.7551 1 ]
Camera "world" "float[2] shutteropening" [0 1]
EditEnd 
##streammarker3043
EditBegin "option" 
Identity 
#Camera perspShape
Clipping 0.1 10000
Projection "perspective" "fov" [54.4322]
ScreenWindow -1 1 -0.5625 0.5625
Shutter 0 0
ConcatTransform [ 0.0871557 0.438864 0.894317 2.30529e-12  2.27205e-09 0.897733 -0.44054 -9.51443e-14  0.996195 -0.0383956 -0.0782426 2.4125e-11  -0.167176 -3.59058 18.7585 1 ]
Camera "world" "float[2] shutteropening" [0 1]
EditEnd 
##streammarker3044
EditBegin "option" 
Identity 
#Camera perspShape
Clipping 0.1 10000
Projection "perspective" "fov" [54.4322]
ScreenWindow -1 1 -0.5625 0.5625
Shutter 0 0
ConcatTransform [ 0.107999 0.437963 0.892482 -1.23845e-11  0 0.897733 -0.44054 5.20169e-13  0.994151 -0.0475781 -0.0969546 -1.04186e-10  -0.211157 -3.58883 18.7621 1 ]
Camera "world" "float[2] shutteropening" [0 1]
EditEnd 
##streammarker3045
EditBegin "option" 
Identity 
#Camera perspShape
Clipping 0.1 10000
Projection "perspective" "fov" [54.4322]
ScreenWindow -1 1 -0.5625 0.5625
Shutter 0 0
ConcatTransform [ 0.128796 0.436871 0.890256 4.87467e-11  -4.16471e-09 0.897733 -0.44054 -2.07143e-12  0.991671 -0.0567396 -0.115624 3.42555e-10  -0.255045 -3.58668 18.7665 1 ]
Camera "world" "float[2] shutteropening" [0 1]
EditEnd 
##streammarker3046
EditBegin "option" 
Identity 
#Camera perspShape
Clipping 0.1 10000
Projection "perspective" "fov" [54.4322]
ScreenWindow -1 1 -0.5625 0.5625
Shutter 0 0
ConcatTransform [ 0.149535 0.435587 0.887639 -1.22714e-11  -6.81423e-09 0.897733 -0.44054 5.25813e-13  0.988756 -0.0658763 -0.134243 -7.39754e-11  -0.298821 -3.58413 18.7717 1 ]
Camera "world" "float[2] shutteropening" [0 1]
EditEnd 
##streammarker3047
EditBegin "option" 
Identity 
#Camera perspShape
Clipping 0.1 10000
Projection "perspective" "fov" [54.4322]
ScreenWindow -1 1 -0.5625 0.5625
Shutter 0 0
ConcatTransform [ 0.156434 0.435116 0.88668 -2.80923e-11  2.27132e-09 0.897733 -0.44054 1.20645e-12  0.987688 -0.0689157 -0.140436 -1.61652e-10  -0.313385 -3.58318 18.7736 1 ]
Camera "world" "float[2] shutteropening" [0 1]
EditEnd 
##streammarker3048
EditBegin "option" 
Identity 
#Camera perspShape
Clipping 0.1 10000
Projection "perspective" "fov" [54.4322]
ScreenWindow -1 1 -0.5625 0.5625
Shutter 0 0
ConcatTransform [ 0.177085 0.433578 0.883545 -2.64701e-09  -6.81303e-09 0.897733 -0.44054 1.5066e-09  0.984196 -0.078013 -0.158975 8.67526e-10  -0.356982 -3.58009 18.7799 1 ]
Camera "world" "float[2] shutteropening" [0 1]
EditEnd 
##streammarker3049
EditBegin "option" 
Identity 
#Camera perspShape
Clipping 0.1 10000
Projection "perspective" "fov" [54.4322]
ScreenWindow -1 1 -0.5625 0.5625
Shutter 0 0
ConcatTransform [ 0.183951 0.433023 0.882413 -8.42429e-11  -7.56967e-10 0.897733 -0.44054 3.64452e-12  0.982935 -0.081038 -0.165139 -4.09774e-10  -0.37148 -3.57897 18.7822 1 ]
Camera "world" "float[2] shutteropening" [0 1]
EditEnd 
##streammarker3050
EditBegin "option" 
Identity 
#Camera perspShape
Clipping 0.1 10000
Projection "perspective" "fov" [54.4322]
ScreenWindow -1 1 -0.5625 0.5625
Shutter 0 0
ConcatTransform [ 0.197657 0.431849 0.880022 -2.70307e-09  7.56888e-10 0.897733 -0.44054 1.5082e-09  0.980271 -0.087076 -0.177443 5.79447e-10  -0.400422 -3.5766 18.787 1 ]
Camera "world" "float[2] shutteropening" [0 1]
EditEnd 
##streammarker3051
EditBegin "option" 
Identity 
#Camera perspShape
Clipping 0.1 10000
Projection "perspective" "fov" [54.4322]
ScreenWindow -1 1 -0.5625 0.5625
Shutter 0 0
ConcatTransform [ 0.204496 0.43123 0.878761 1.18252e-10  6.05477e-09 0.897733 -0.44054 -5.13727e-12  0.978867 -0.0900887 -0.183583 5.14849e-10  -0.414864 -3.57534 18.7896 1 ]
Camera "world" "float[2] shutteropening" [0 1]
EditEnd 
##streammarker3052
EditBegin "option" 
Identity 
#Camera perspShape
Clipping 0.1 10000
Projection "perspective" "fov" [54.4322]
ScreenWindow -1 1 -0.5625 0.5625
Shutter 0 0
ConcatTransform [ 0.211325 0.430591 0.877458 5.91966e-11  3.02721e-09 0.897733 -0.44054 -2.57481e-12  0.977416 -0.0930971 -0.189713 2.48966e-10  -0.429286 -3.57405 18.7922 1 ]
Camera "world" "float[2] shutteropening" [0 1]
EditEnd 
##streammarker3053
EditBegin "option" 
