##RenderMan RIB
version 3.04
Option "rerender" "int[2] lodrange" [0 3]
##streammarker15
EditBegin "option" 
Identity 
#Camera perspShape
Clipping 0.1 10000
Projection "perspective" "fov" [54.4322]
ScreenWindow -1 1 -0.5625 0.5625
Shutter 0 0
ConcatTransform [ 0.224951 -0.0656214 0.972158 1.7487e-10  1.18171e-09 0.99773 0.0673474 1.66281e-12  0.97437 0.0151499 -0.22444 6.47935e-10  -0.478082 -3.32423 12.9863 1 ]
Camera "world" "float[2] shutteropening" [0 1]
EditEnd 
##streammarker16
EditBegin "option" 
Identity 
#Camera perspShape
Clipping 0.1 10000
Projection "perspective" "fov" [54.4322]
ScreenWindow -1 1 -0.5625 0.5625
Shutter 0 0
ConcatTransform [ 0.231748 -0.065514 0.970567 -2.37211e-10  -7.09026e-10 0.99773 0.0673474 -2.25561e-12  0.972776 0.0156076 -0.231222 -8.51514e-10  -0.492528 -3.32446 12.9897 1 ]
Camera "world" "float[2] shutteropening" [0 1]
EditEnd 
##streammarker17
EditBegin "option" 
Identity 
#Camera perspShape
Clipping 0.1 10000
Projection "perspective" "fov" [54.4322]
ScreenWindow -1 1 -0.5625 0.5625
Shutter 0 0
ConcatTransform [ 0.245307 -0.0652897 0.967244 1.39747e-10  9.45375e-10 0.99773 0.0673474 1.32884e-12  0.969445 0.0165208 -0.24475 4.72024e-10  -0.521345 -3.32493 12.9967 1 ]
Camera "world" "float[2] shutteropening" [0 1]
EditEnd 
##streammarker18
EditBegin "option" 
Identity 
#Camera perspShape
Clipping 0.1 10000
Projection "perspective" "fov" [54.4322]
ScreenWindow -1 1 -0.5625 0.5625
Shutter 0 0
ConcatTransform [ 0.312335 -0.0540494 0.948433 -2.42762e-10  -2.12305e-09 0.99838 0.0568957 -1.94546e-12  0.949972 0.0177705 -0.311829 -6.29065e-10  -0.663797 -3.35108 13.073 1 ]
Camera "world" "float[2] shutteropening" [0 1]
EditEnd 
##streammarker19
EditBegin "option" 
Identity 
#Camera perspShape
Clipping 0.1 10000
Projection "perspective" "fov" [54.4322]
ScreenWindow -1 1 -0.5625 0.5625
Shutter 0 0
ConcatTransform [ 0.390731 -0.033115 0.919909 -8.18521e-10  -2.34887e-10 0.999353 0.0359748 -4.12767e-12  0.920505 0.0140565 -0.390478 -1.63485e-09  -0.83041 -3.39895 13.2063 1 ]
Camera "world" "float[2] shutteropening" [0 1]
EditEnd 
##streammarker20
EditBegin "option" 
Identity 
#Camera perspShape
Clipping 0.1 10000
Projection "perspective" "fov" [54.4322]
ScreenWindow -1 1 -0.5625 0.5625
Shutter 0 0
ConcatTransform [ 0.466387 -0.00403953 0.884572 -1.07705e-10  8.74178e-11 0.99999 0.00456659 -6.84532e-14  0.884581 0.0021298 -0.466382 -1.7214e-10  -0.991199 -3.46295 13.3904 1 ]
Camera "world" "float[2] shutteropening" [0 1]
EditEnd 
##streammarker21
EditBegin "option" 
Identity 
#Camera perspShape
Clipping 0.1 10000
Projection "perspective" "fov" [54.4322]
ScreenWindow -1 1 -0.5625 0.5625
Shutter 0 0
ConcatTransform [ 0.48481 -0.00399402 0.874611 5.64599e-10  3.49672e-10 0.99999 0.00456659 3.58838e-13  0.87462 0.00221391 -0.484805 8.56484e-10  -1.03035 -3.46305 13.4116 1 ]
Camera "world" "float[2] shutteropening" [0 1]
EditEnd 
##streammarker22
EditBegin "option" 
Identity 
#Camera perspShape
Clipping 0.1 10000
Projection "perspective" "fov" [54.4322]
ScreenWindow -1 1 -0.5625 0.5625
Shutter 0 0
ConcatTransform [ 0.496974 -0.00396272 0.867756 6.37192e-10  -5.82788e-11 0.99999 0.00456659 4.04974e-13  0.867765 0.00226947 -0.496969 9.34157e-10  -1.05621 -3.46311 13.4261 1 ]
Camera "world" "float[2] shutteropening" [0 1]
EditEnd 
##streammarker23
EditBegin "option" 
Identity 
#Camera perspShape
Clipping 0.1 10000
Projection "perspective" "fov" [54.4322]
ScreenWindow -1 1 -0.5625 0.5625
Shutter 0 0
ConcatTransform [ 0.515038 -0.00391428 0.857158 -3.75429e-09  -3.20534e-10 0.99999 0.00456659 -2.80689e-11  0.857167 0.00235194 -0.515033 2.34827e-09  -1.0946 -3.46322 13.4487 1 ]
Camera "world" "float[2] shutteropening" [0 1]
EditEnd 
##streammarker24
EditBegin "option" 
Identity 
#Camera perspShape
Clipping 0.1 10000
Projection "perspective" "fov" [54.4322]
ScreenWindow -1 1 -0.5625 0.5625
Shutter 0 0
ConcatTransform [ 0.532876 -0.00386421 0.846184 -4.10036e-09  3.20535e-10 0.99999 0.00456659 -2.82353e-11  0.846193 0.00243341 -0.532871 1.88779e-09  -1.13251 -3.46332 13.472 1 ]
Camera "world" "float[2] shutteropening" [0 1]
EditEnd 
##streammarker25
EditBegin "option" 
Identity 
#Camera perspShape
Clipping 0.1 10000
Projection "perspective" "fov" [54.4322]
ScreenWindow -1 1 -0.5625 0.5625
Shutter 0 0
ConcatTransform [ 0.544639 -0.00382987 0.838662 -5.06855e-10  -1.74838e-10 0.99999 0.00456659 -3.22138e-13  0.838671 0.00248715 -0.544633 -6.50969e-10  -1.15751 -3.4634 13.488 1 ]
Camera "world" "float[2] shutteropening" [0 1]
EditEnd 
##streammarker26
EditBegin "option" 
Identity 
#Camera perspShape
Clipping 0.1 10000
Projection "perspective" "fov" [54.4322]
ScreenWindow -1 1 -0.5625 0.5625
Shutter 0 0
ConcatTransform [ 0.544639 -0.00382985 0.838662 3.88077e-10  -1.16556e-10 0.99999 0.00456659 2.43608e-13  0.838671 0.00248714 -0.544633 4.9964e-10  -1.15751 -3.4634 13.6785 1 ]
Camera "world" "float[2] shutteropening" [0 1]
EditEnd 
##streammarker27
EditBegin "option" 
Identity 
#Camera perspShape
Clipping 0.1 10000
Projection "perspective" "fov" [54.4322]
ScreenWindow -1 1 -0.5625 0.5625
Shutter 0 0
ConcatTransform [ 0.544639 -0.00382989 0.838662 8.10854e-10  0 0.99999 0.00456659 4.72514e-13  0.838671 0.00248714 -0.544633 1.05862e-09  -1.15751 -3.4634 14.8722 1 ]
Camera "world" "float[2] shutteropening" [0 1]
EditEnd 
##streammarker28
EditBegin "option" 
Identity 
#Camera perspShape
Clipping 0.1 10000
Projection "perspective" "fov" [54.4322]
ScreenWindow -1 1 -0.5625 0.5625
Shutter 0 0
ConcatTransform [ 0.544639 -0.00382986 0.838662 -5.58422e-10  -1.74808e-10 0.99999 0.00456659 -3.13534e-13  0.838671 0.00248717 -0.544633 -7.33833e-10  -1.15751 -3.4634 15.5032 1 ]
Camera "world" "float[2] shutteropening" [0 1]
EditEnd 
##streammarker29
EditBegin "option" 
Identity 
#Camera perspShape
Clipping 0.1 10000
Projection "perspective" "fov" [54.4322]
ScreenWindow -1 1 -0.5625 0.5625
Shutter 0 0
ConcatTransform [ 0.544639 -0.00382987 0.838662 7.00294e-09  -1.16535e-10 0.99999 0.00456659 2.78436e-11  0.838671 0.00248715 -0.544633 -3.10848e-09  -1.15751 -3.4634 15.9371 1 ]
Camera "world" "float[2] shutteropening" [0 1]
EditEnd 
##streammarker30
EditBegin "option" 
Identity 
#Camera perspShape
Clipping 0.1 10000
Projection "perspective" "fov" [54.4322]
ScreenWindow -1 1 -0.5625 0.5625
Shutter 0 0
ConcatTransform [ 0.544639 -0.00382985 0.838662 -7.89507e-10  -8.73976e-11 0.99999 0.00456659 -4.16642e-13  0.838671 0.00248714 -0.544633 -1.04822e-09  -1.15751 -3.4634 16.6084 1 ]
Camera "world" "float[2] shutteropening" [0 1]
EditEnd 
##streammarker31
EditBegin "option" 
Identity 
#Camera perspShape
Clipping 0.1 10000
Projection "perspective" "fov" [54.4322]
ScreenWindow -1 1 -0.5625 0.5625
Shutter 0 0
ConcatTransform [ 0.544639 -0.00382987 0.838662 1.23112e-10  -1.7479e-10 0.99999 0.00456659 6.33785e-14  0.838671 0.00248714 -0.544633 1.64094e-10  -1.15751 -3.4634 17.07 1 ]
Camera "world" "float[2] shutteropening" [0 1]
EditEnd 
##streammarker32
EditBegin "option" 
Identity 
#Camera perspShape
Clipping 0.1 10000
Projection "perspective" "fov" [54.4322]
ScreenWindow -1 1 -0.5625 0.5625
Shutter 0 0
ConcatTransform [ 0.544639 -0.00382987 0.838662 9.48986e-10  -2.62171e-10 0.99999 0.00456659 4.64912e-13  0.83867 0.00248714 -0.544633 1.27439e-09  -1.15751 -3.4634 18.0281 1 ]
Camera "world" "float[2] shutteropening" [0 1]
EditEnd 
##streammarker33
EditBegin "option" 
Identity 
#Camera perspShape
Clipping 0.1 10000
Projection "perspective" "fov" [54.4322]
ScreenWindow -1 1 -0.5625 0.5625
Shutter 0 0
ConcatTransform [ 0.544639 -0.00382987 0.838662 8.21609e-10  -8.73893e-11 0.99999 0.00456659 3.97552e-13  0.838671 0.00248715 -0.544633 1.10533e-09  -1.15751 -3.4634 18.2752 1 ]
Camera "world" "float[2] shutteropening" [0 1]
EditEnd 
##streammarker34
EditBegin "option" 
Identity 
#Camera perspShape
Clipping 0.1 10000
Projection "perspective" "fov" [54.4322]
ScreenWindow -1 1 -0.5625 0.5625
Shutter 0 0
ConcatTransform [ 0.544639 -0.00382987 0.838662 -1.55523e-10  0 0.99999 0.00456659 -7.43257e-14  0.838671 0.00248715 -0.544633 -2.096e-10  -1.15751 -3.4634 18.5253 1 ]
Camera "world" "float[2] shutteropening" [0 1]
EditEnd 
##streammarker35
EditBegin "option" 
Identity 
#Camera perspShape
Clipping 0.1 10000
Projection "perspective" "fov" [54.4322]
ScreenWindow -1 1 -0.5625 0.5625
Shutter 0 0
ConcatTransform [ 0.544639 -0.00382986 0.838662 -1.48922e-10  -2.91287e-11 0.99999 0.00456659 -6.94288e-14  0.83867 0.00248715 -0.544633 -2.01405e-10  -1.15751 -3.4634 19.035 1 ]
Camera "world" "float[2] shutteropening" [0 1]
EditEnd 
##streammarker36
EditBegin "option" 
Identity 
#Camera perspShape
Clipping 0.1 10000
Projection "perspective" "fov" [54.4322]
ScreenWindow -1 1 -0.5625 0.5625
Shutter 0 0
ConcatTransform [ 0.544639 -0.00382988 0.838662 -2.02442e-10  2.91283e-11 0.99999 0.00456659 -9.32179e-14  0.838671 0.00248716 -0.544633 -2.74254e-10  -1.15751 -3.4634 19.2946 1 ]
Camera "world" "float[2] shutteropening" [0 1]
EditEnd 
##streammarker37
EditBegin "option" 
Identity 
#Camera perspShape
Clipping 0.1 10000
Projection "perspective" "fov" [54.4322]
ScreenWindow -1 1 -0.5625 0.5625
Shutter 0 0
ConcatTransform [ 0.544639 -0.00382987 0.838662 -9.44787e-10  -8.73839e-11 0.99999 0.00456659 -4.29685e-13  0.838671 0.00248716 -0.544633 -1.28208e-09  -1.15751 -3.4634 19.5574 1 ]
Camera "world" "float[2] shutteropening" [0 1]
EditEnd 
##streammarker38
EditBegin "option" 
Identity 
#Camera perspShape
Clipping 0.1 10000
Projection "perspective" "fov" [54.4322]
ScreenWindow -1 1 -0.5625 0.5625
Shutter 0 0
ConcatTransform [ 0.544639 -0.00382987 0.838662 -6.40701e-10  -1.45638e-10 0.99999 0.00456659 -2.87799e-13  0.838671 0.00248715 -0.544633 -8.7088e-10  -1.15751 -3.4634 19.8235 1 ]
Camera "world" "float[2] shutteropening" [0 1]
EditEnd 
##streammarker39
EditBegin "option" 
Identity 
#Camera perspShape
Clipping 0.1 10000
Projection "perspective" "fov" [54.4322]
ScreenWindow -1 1 -0.5625 0.5625
Shutter 0 0
ConcatTransform [ 0.544639 -0.00382986 0.838662 -9.02915e-10  -8.7378e-11 0.99999 0.00456659 -3.81215e-13  0.838671 0.00248715 -0.544633 -1.23709e-09  -1.15751 -3.4634 21.2047 1 ]
Camera "world" "float[2] shutteropening" [0 1]
EditEnd 
##streammarker40
EditBegin "option" 
Identity 
#Camera perspShape
Clipping 0.1 10000
Projection "perspective" "fov" [54.4322]
ScreenWindow -1 1 -0.5625 0.5625
Shutter 0 0
ConcatTransform [ 0.544639 -0.00382986 0.838662 -1.0789e-09  -2.62131e-10 0.99999 0.00456659 -4.49906e-13  0.838671 0.00248715 -0.544633 -1.48047e-09  -1.15751 -3.4634 21.4913 1 ]
Camera "world" "float[2] shutteropening" [0 1]
EditEnd 
##streammarker41
EditBegin "option" 
Identity 
#Camera perspShape
Clipping 0.1 10000
Projection "perspective" "fov" [54.4322]
ScreenWindow -1 1 -0.5625 0.5625
Shutter 0 0
ConcatTransform [ 0.544639 -0.00382988 0.838662 -9.14823e-11  -1.45617e-10 0.99999 0.00456659 -3.45481e-14  0.838671 0.00248715 -0.544633 -1.2698e-10  -1.15751 -3.4634 23.9168 1 ]
Camera "world" "float[2] shutteropening" [0 1]
EditEnd 
##streammarker42
EditBegin "option" 
Identity 
#Camera perspShape
Clipping 0.1 10000
Projection "perspective" "fov" [54.4322]
ScreenWindow -1 1 -0.5625 0.5625
Shutter 0 0
ConcatTransform [ 0.544639 -0.00382987 0.838662 -4.89429e-10  -5.82441e-11 0.99999 0.00456659 -1.73728e-13  0.83867 0.00248715 -0.544633 -6.83804e-10  -1.15751 -3.4634 25.5594 1 ]
Camera "world" "float[2] shutteropening" [0 1]
EditEnd 
##streammarker43
EditBegin "option" 
Identity 
#Camera perspShape
Clipping 0.1 10000
Projection "perspective" "fov" [54.4322]
ScreenWindow -1 1 -0.5625 0.5625
Shutter 0 0
ConcatTransform [ 0.544639 -0.00382985 0.838662 -3.08637e-10  -2.18414e-10 0.99999 0.00456659 -1.08205e-13  0.838671 0.00248715 -0.544633 -4.31753e-10  -1.15751 -3.4634 25.9003 1 ]
Camera "world" "float[2] shutteropening" [0 1]
EditEnd 
##streammarker44
EditBegin "option" 
Identity 
#Camera perspShape
Clipping 0.1 10000
Projection "perspective" "fov" [54.4322]
ScreenWindow -1 1 -0.5625 0.5625
Shutter 0 0
ConcatTransform [ 0.544639 -0.00382988 0.838662 -4.36922e-10  -5.82431e-11 0.99999 0.00456659 -1.51294e-13  0.83867 0.00248716 -0.544633 -6.11971e-10  -1.15751 -3.4634 26.2454 1 ]
Camera "world" "float[2] shutteropening" [0 1]
EditEnd 
##streammarker45
EditBegin "option" 
Identity 
#Camera perspShape
Clipping 0.1 10000
Projection "perspective" "fov" [54.4322]
ScreenWindow -1 1 -0.5625 0.5625
Shutter 0 0
ConcatTransform [ 0.544639 -0.00382985 0.838662 -1.95897e-09  -5.82422e-11 0.99999 0.00456659 -1.43057e-11  0.838671 0.00248714 -0.544633 1.05944e-09  -1.15751 -3.4634 26.9487 1 ]
Camera "world" "float[2] shutteropening" [0 1]
EditEnd 
##streammarker46
EditBegin "option" 
Identity 
#Camera perspShape
Clipping 0.1 10000
Projection "perspective" "fov" [54.4322]
ScreenWindow -1 1 -0.5625 0.5625
Shutter 0 0
ConcatTransform [ 0.544639 -0.00382985 0.838662 3.44483e-10  -2.91206e-11 0.99999 0.00456659 1.13517e-13  0.838671 0.00248714 -0.544633 4.84816e-10  -1.15751 -3.4634 27.6695 1 ]
Camera "world" "float[2] shutteropening" [0 1]
EditEnd 
##streammarker47
EditBegin "option" 
Identity 
#Camera perspShape
Clipping 0.1 10000
Projection "perspective" "fov" [54.4322]
ScreenWindow -1 1 -0.5625 0.5625
Shutter 0 0
ConcatTransform [ 0.544639 -0.00382985 0.838662 -1.37769e-10  -2.91204e-11 0.99999 0.00456659 -4.48398e-14  0.838671 0.00248714 -0.544633 -1.94118e-10  -1.15751 -3.4634 28.0367 1 ]
Camera "world" "float[2] shutteropening" [0 1]
EditEnd 
##streammarker48
EditBegin "option" 
Identity 
#Camera perspShape
Clipping 0.1 10000
Projection "perspective" "fov" [54.4322]
ScreenWindow -1 1 -0.5625 0.5625
Shutter 0 0
ConcatTransform [ 0.544639 -0.00382985 0.838662 -1.37769e-10  -2.91204e-11 0.99999 0.00456659 -4.48398e-14  0.838671 0.00248714 -0.544633 -1.94118e-10  -1.15751 -3.4634 28.0367 1 ]
Camera "world" "float[2] shutteropening" [0 1]
EditEnd 
##streammarker49
EditBegin "option" 
Identity 
#Camera perspShape
Clipping 0.1 10000
Projection "perspective" "fov" [54.4322]
ScreenWindow -1 1 -0.5625 0.5625
Shutter 0 0
ConcatTransform [ 0.544639 0.00495262 0.838656 8.93366e-12  2.90814e-10 0.999983 -0.00590534 -3.75546e-15  0.838671 -0.00321628 -0.54463 1.2589e-11  -1.15751 -3.48204 28.0731 1 ]
Camera "world" "float[2] shutteropening" [0 1]
EditEnd 
##streammarker50
EditBegin "option" 
Identity 
#Camera perspShape
Clipping 0.1 10000
Projection "perspective" "fov" [54.4322]
ScreenWindow -1 1 -0.5625 0.5625
Shutter 0 0
ConcatTransform [ 0.556296 0.0136087 0.830873 4.27678e-10  -3.48464e-10 0.999866 -0.0163766 -4.9797e-13  0.830984 -0.00911023 -0.556221 5.84204e-10  -1.18228 -3.50003 28.126 1 ]
Camera "world" "float[2] shutteropening" [0 1]
EditEnd 
##streammarker51
EditBegin "option" 
Identity 
#Camera perspShape
Clipping 0.1 10000
Projection "perspective" "fov" [54.4322]
ScreenWindow -1 1 -0.5625 0.5625
Shutter 0 0
ConcatTransform [ 0.590606 0.0132153 0.806852 3.56137e-09  -1.16154e-10 0.999866 -0.0163766 -5.59115e-11  0.80696 -0.00967211 -0.590526 -2.31724e-09  -1.2552 -3.49919 28.1771 1 ]
Camera "world" "float[2] shutteropening" [0 1]
EditEnd 
##streammarker52
EditBegin "option" 
Identity 
#Camera perspShape
Clipping 0.1 10000
Projection "perspective" "fov" [54.4322]
ScreenWindow -1 1 -0.5625 0.5625
Shutter 0 0
ConcatTransform [ 0.702153 0.0489042 0.710345 -5.09753e-10  4.60232e-10 0.997639 -0.0686831 2.47424e-12  0.712026 -0.0482261 -0.700495 -4.65737e-10  -1.49227 -3.56731 28.5637 1 ]
Camera "world" "float[2] shutteropening" [0 1]
EditEnd 
##streammarker53
EditBegin "option" 
Identity 
#Camera perspShape
Clipping 0.1 10000
Projection "perspective" "fov" [54.4322]
ScreenWindow -1 1 -0.5625 0.5625
Shutter 0 0
ConcatTransform [ 0.815128 0.0759958 0.574275 -7.80203e-10  -3.62116e-09 0.991357 -0.13119 4.25321e-10  0.579281 -0.106936 -0.808083 1.85631e-09  -1.73237 -3.60308 29.0699 1 ]
Camera "world" "float[2] shutteropening" [0 1]
EditEnd 
##streammarker54
EditBegin "option" 
Identity 
#Camera perspShape
Clipping 0.1 10000
Projection "perspective" "fov" [54.4322]
ScreenWindow -1 1 -0.5625 0.5625
Shutter 0 0
ConcatTransform [ 0.87462 0.0786673 0.478385 2.19464e-09  -8.95002e-09 0.986747 -0.162264 -2.48972e-11  0.48481 -0.14192 -0.863029 1.0434e-09  -1.8588 -3.59275 29.3816 1 ]
Camera "world" "float[2] shutteropening" [0 1]
EditEnd 
##streammarker55
EditBegin "option" 
Identity 
#Camera perspShape
Clipping 0.1 10000
Projection "perspective" "fov" [54.4322]
ScreenWindow -1 1 -0.5625 0.5625
Shutter 0 0
ConcatTransform [ 0.887815 0.0841676 0.452438 2.04161e-09  1.77529e-09 0.983133 -0.182894 -2.60444e-11  0.4602 -0.162376 -0.87284 9.00578e-10  -1.88685 -3.5919 29.5084 1 ]
Camera "world" "float[2] shutteropening" [0 1]
EditEnd 
##streammarker56
EditBegin "option" 
Identity 
#Camera perspShape
Clipping 0.1 10000
Projection "perspective" "fov" [54.4322]
ScreenWindow -1 1 -0.5625 0.5625
Shutter 0 0
ConcatTransform [ 0.903335 0.0916566 0.419028 2.53152e-09  -3.5016e-09 0.976903 -0.213684 -3.7599e-11  0.428935 -0.193029 -0.882471 1.01177e-09  -1.91983 -3.58618 29.6863 1 ]
Camera "world" "float[2] shutteropening" [0 1]
EditEnd 
##streammarker57
EditBegin "option" 
Identity 
#Camera perspShape
Clipping 0.1 10000
Projection "perspective" "fov" [54.4322]
ScreenWindow -1 1 -0.5625 0.5625
Shutter 0 0
ConcatTransform [ 0.917755 0.092971 0.386113 -3.66505e-10  -6.92634e-09 0.972213 -0.234096 7.84388e-10  0.397148 -0.214843 -0.892253 1.80163e-09  -1.95048 -3.5727 29.8271 1 ]
Camera "world" "float[2] shutteropening" [0 1]
EditEnd 
##streammarker58
EditBegin "option" 
Identity 
#Camera perspShape
Clipping 0.1 10000
Projection "perspective" "fov" [54.4322]
ScreenWindow -1 1 -0.5625 0.5625
Shutter 0 0
ConcatTransform [ 0.936059 0.0966168 0.338316 1.93107e-10  0 0.961558 -0.274603 1.31468e-09  0.351842 -0.257045 -0.900075 -5.13752e-10  -1.98938 -3.54345 30.0693 1 ]
Camera "world" "float[2] shutteropening" [0 1]
EditEnd 
##streammarker59
EditBegin "option" 
Identity 
#Camera perspShape
Clipping 0.1 10000
Projection "perspective" "fov" [54.4322]
ScreenWindow -1 1 -0.5625 0.5625
Shutter 0 0
ConcatTransform [ 0.938493 0.09482 0.332024 -1.02886e-10  -1.05912e-08 0.961558 -0.274603 -7.14085e-10  0.345298 -0.257713 -0.902415 2.79637e-10  -1.99455 -3.53964 30.0826 1 ]
Camera "world" "float[2] shutteropening" [0 1]
EditEnd 
##streammarker60
EditBegin "option" 
Identity 
#Camera perspShape
Clipping 0.1 10000
Projection "perspective" "fov" [54.4322]
ScreenWindow -1 1 -0.5625 0.5625
Shutter 0 0
ConcatTransform [ 0.943223 0.0912126 0.319392 -3.11263e-10  -6.01659e-08 0.961558 -0.274603 -2.24801e-09  0.332161 -0.259012 -0.906963 8.83877e-10  -2.0046 -3.53197 30.1095 1 ]
Camera "world" "float[2] shutteropening" [0 1]
EditEnd 
##streammarker61
EditBegin "option" 
Identity 
#Camera perspShape
Clipping 0.1 10000
Projection "perspective" "fov" [54.4322]
ScreenWindow -1 1 -0.5625 0.5625
Shutter 0 0
ConcatTransform [ 0.945519 0.0894021 0.313052 2.17133e-10  1.94955e-08 0.961558 -0.274603 1.60074e-09  0.325568 -0.259642 -0.909171 -6.30599e-10  -2.00949 -3.52812 30.123 1 ]
Camera "world" "float[2] shutteropening" [0 1]
EditEnd 
##streammarker62
EditBegin "option" 
Identity 
#Camera perspShape
Clipping 0.1 10000
Projection "perspective" "fov" [54.4322]
ScreenWindow -1 1 -0.5625 0.5625
Shutter 0 0
ConcatTransform [ 0.943223 0.0878629 0.32033 -5.70027e-10  2.06641e-08 0.964381 -0.264519 -4.23858e-09  0.332161 -0.2495 -0.909626 1.61868e-09  -2.00461 -3.53465 30.0725 1 ]
Camera "world" "float[2] shutteropening" [0 1]
EditEnd 
##streammarker63
EditBegin "option" 
Identity 
#Camera perspShape
Clipping 0.1 10000
Projection "perspective" "fov" [54.4322]
ScreenWindow -1 1 -0.5625 0.5625
Shutter 0 0
ConcatTransform [ 0.943223 0.0845037 0.321232 -2.97759e-10  1.27828e-07 0.967098 -0.254406 -2.28102e-09  0.332161 -0.239961 -0.912188 8.45531e-10  -2.00461 -3.53694 30.0355 1 ]
Camera "world" "float[2] shutteropening" [0 1]
EditEnd 
##streammarker64
EditBegin "option" 
Identity 
#Camera perspShape
Clipping 0.1 10000
Projection "perspective" "fov" [54.4322]
ScreenWindow -1 1 -0.5625 0.5625
Shutter 0 0
ConcatTransform [ 0.938493 0.0808329 0.335703 3.19658e-10  -4.79283e-08 0.972213 -0.234096 2.50317e-09  0.345298 -0.219698 -0.912416 -8.68805e-10  -1.99455 -3.5469 29.9342 1 ]
Camera "world" "float[2] shutteropening" [0 1]
EditEnd 
##streammarker65
EditBegin "option" 
Identity 
#Camera perspShape
Clipping 0.1 10000
Projection "perspective" "fov" [54.4322]
ScreenWindow -1 1 -0.5625 0.5625
Shutter 0 0
ConcatTransform [ 0.928486 0.0793556 0.36279 3.3787e-10  -1.22228e-08 0.976903 -0.213684 -5.01817e-12  0.371368 -0.198403 -0.90704 1.1043e-10  -1.97328 -3.56004 29.8058 1 ]
Camera "world" "float[2] shutteropening" [0 1]
EditEnd 
##streammarker66
EditBegin "option" 
Identity 
#Camera perspShape
Clipping 0.1 10000
Projection "perspective" "fov" [54.4322]
ScreenWindow -1 1 -0.5625 0.5625
Shutter 0 0
ConcatTransform [ 0.92321 0.0781821 0.376259 5.3102e-09  -1.05328e-08 0.979087 -0.203443 7.22859e-10  0.384295 -0.18782 -0.903903 3.7464e-09  -1.96207 -3.56513 29.7416 1 ]
Camera "world" "float[2] shutteropening" [0 1]
EditEnd 
##streammarker67
EditBegin "option" 
Identity 
#Camera perspShape
Clipping 0.1 10000
Projection "perspective" "fov" [54.4322]
ScreenWindow -1 1 -0.5625 0.5625
Shutter 0 0
ConcatTransform [ 0.92321 0.0742377 0.377057 1.94709e-09  -7.05345e-09 0.981164 -0.193179 7.79568e-10  0.384295 -0.178345 -0.90582 2.59651e-09  -1.96207 -3.56395 29.7043 1 ]
Camera "world" "float[2] shutteropening" [0 1]
EditEnd 
##streammarker68
EditBegin "option" 
Identity 
#Camera perspShape
Clipping 0.1 10000
Projection "perspective" "fov" [54.4322]
ScreenWindow -1 1 -0.5625 0.5625
Shutter 0 0
ConcatTransform [ 0.92321 0.0702852 0.377813 3.01284e-09  -6.19856e-09 0.983133 -0.182894 3.26704e-10  0.384295 -0.168849 -0.907638 3.11106e-09  -1.96207 -3.56239 29.667 1 ]
Camera "world" "float[2] shutteropening" [0 1]
EditEnd 
##streammarker69
EditBegin "option" 
Identity 
#Camera perspShape
Clipping 0.1 10000
Projection "perspective" "fov" [54.4322]
ScreenWindow -1 1 -0.5625 0.5625
Shutter 0 0
ConcatTransform [ 0.92321 0.0663249 0.378529 3.65003e-09  8.8921e-10 0.984994 -0.172588 3.27298e-10  0.384295 -0.159335 -0.909356 3.32639e-09  -1.96207 -3.56044 29.6297 1 ]
Camera "world" "float[2] shutteropening" [0 1]
EditEnd 
##streammarker70
EditBegin "option" 
Identity 
#Camera perspShape
Clipping 0.1 10000
Projection "perspective" "fov" [54.4322]
ScreenWindow -1 1 -0.5625 0.5625
Shutter 0 0
ConcatTransform [ 0.92321 0.0623575 0.379202 2.71739e-09  1.78557e-09 0.986747 -0.162264 -3.08276e-11  0.384295 -0.149804 -0.910975 9.2808e-10  -1.96207 -3.55809 29.5924 1 ]
Camera "world" "float[2] shutteropening" [0 1]
EditEnd 
##streammarker71
EditBegin "option" 
Identity 
#Camera perspShape
Clipping 0.1 10000
Projection "perspective" "fov" [54.4322]
ScreenWindow -1 1 -0.5625 0.5625
Shutter 0 0
ConcatTransform [ 0.92321 0.0583832 0.379835 3.88598e-09  3.58495e-09 0.988392 -0.151922 3.42095e-10  0.384295 -0.140256 -0.912494 3.40303e-09  -1.96207 -3.55535 29.5551 1 ]
Camera "world" "float[2] shutteropening" [0 1]
EditEnd 
##streammarker72
EditBegin "option" 
Identity 
#Camera perspShape
Clipping 0.1 10000
Projection "perspective" "fov" [54.4322]
ScreenWindow -1 1 -0.5625 0.5625
Shutter 0 0
ConcatTransform [ 0.92321 0.0583832 0.379835 3.88598e-09  3.58495e-09 0.988392 -0.151922 3.42095e-10  0.384295 -0.140256 -0.912494 3.40303e-09  -1.96207 -3.55535 29.5551 1 ]
Camera "world" "float[2] shutteropening" [0 1]
EditEnd 
##streammarker73
EditBegin "option" 
Identity 
#Camera perspShape
Clipping 0.1 10000
Projection "perspective" "fov" [54.4322]
ScreenWindow -1 1 -0.5625 0.5625
Shutter 0 0
ConcatTransform [ 0.92321 0.0544023 0.380425 -3.68263e-09  5.39735e-09 0.989929 -0.141564 3.65345e-11  0.384295 -0.130693 -0.913913 -1.2562e-09  -1.96207 -3.55223 29.5179 1 ]
Camera "world" "float[2] shutteropening" [0 1]
EditEnd 
##streammarker74
EditBegin "option" 
Identity 
#Camera perspShape
Clipping 0.1 10000
Projection "perspective" "fov" [54.4322]
ScreenWindow -1 1 -0.5625 0.5625
Shutter 0 0
ConcatTransform [ 0.92321 0.0464234 0.381481 1.81833e-09  -9.05811e-10 0.992677 -0.120801 3.85769e-10  0.384295 -0.111525 -0.916449 2.69568e-09  -1.96207 -3.54481 29.4436 1 ]
Camera "world" "float[2] shutteropening" [0 1]
EditEnd 
##streammarker75
EditBegin "option" 
Identity 
#Camera perspShape
Clipping 0.1 10000
Projection "perspective" "fov" [54.4322]
ScreenWindow -1 1 -0.5625 0.5625
Shutter 0 0
ConcatTransform [ 0.92321 0.0384241 0.38237 8.85019e-10  2.73461e-09 0.994989 -0.0999858 -6.23097e-12  0.384295 -0.0923079 -0.918584 3.01234e-10  -1.96207 -3.53584 29.3695 1 ]
Camera "world" "float[2] shutteropening" [0 1]
EditEnd 
##streammarker76
EditBegin "option" 
Identity 
#Camera perspShape
Clipping 0.1 10000
Projection "perspective" "fov" [54.4322]
ScreenWindow -1 1 -0.5625 0.5625
Shutter 0 0
ConcatTransform [ 0.925871 0.0298972 0.376656 -1.80416e-09  4.58328e-10 0.996865 -0.0791264 1.00764e-11  0.377841 -0.0732608 -0.922968 -5.99155e-10  -1.96773 -3.52423 29.3092 1 ]
Camera "world" "float[2] shutteropening" [0 1]
EditEnd 
##streammarker77
EditBegin "option" 
Identity 
#Camera perspShape
Clipping 0.1 10000
Projection "perspective" "fov" [54.4322]
ScreenWindow -1 1 -0.5625 0.5625
Shutter 0 0
ConcatTransform [ 0.928486 0.029385 0.370203 1.52966e-09  -9.16585e-10 0.996865 -0.0791264 1.84119e-10  0.371368 -0.0734678 -0.925575 2.61366e-09  -1.97328 -3.52314 29.3229 1 ]
Camera "world" "float[2] shutteropening" [0 1]
EditEnd 
##streammarker78
EditBegin "option" 
Identity 
#Camera perspShape
Clipping 0.1 10000
Projection "perspective" "fov" [54.4322]
ScreenWindow -1 1 -0.5625 0.5625
Shutter 0 0
ConcatTransform [ 0.928486 0.0293849 0.370203 1.97097e-10  5.40952e-08 0.996864 -0.0791264 4.56217e-09  0.371368 -0.0734677 -0.925575 2.52698e-09  -1.95143 -3.50936 16.0215 1 ]
Camera "world" "float[2] shutteropening" [0 1]
EditEnd 
##streammarker79
EditBegin "option" 
Identity 
#Camera perspShape
Clipping 0.1 10000
Projection "perspective" "fov" [54.4322]
ScreenWindow -1 1 -0.5625 0.5625
Shutter 0 0
ConcatTransform [ 0.928486 0.0293849 0.370203 1.97097e-10  5.40952e-08 0.996864 -0.0791264 4.56217e-09  0.371368 -0.0734677 -0.925575 2.52698e-09  -1.95143 -3.50936 16.0215 1 ]
Camera "world" "float[2] shutteropening" [0 1]
EditEnd 
##streammarker80
EditBegin "option" 
Identity 
#Camera perspShape
Clipping 0.1 10000
Projection "perspective" "fov" [54.4322]
ScreenWindow -1 1 -0.5625 0.5625
Shutter 0 0
ConcatTransform [ 0.928486 0.0293849 0.370203 1.97097e-10  5.40952e-08 0.996864 -0.0791264 4.56217e-09  0.371368 -0.0734677 -0.925575 2.52698e-09  -1.95143 -3.50936 16.0215 1 ]
Camera "world" "float[2] shutteropening" [0 1]
EditEnd 
##streammarker81
EditBegin "option" 
Identity 
#Camera perspShape
Clipping 0.1 10000
Projection "perspective" "fov" [54.4322]
ScreenWindow -1 1 -0.5625 0.5625
Shutter 0 0
ConcatTransform [ 0.928486 0.0293849 0.370203 1.97097e-10  5.40952e-08 0.996864 -0.0791264 4.56217e-09  0.371368 -0.0734677 -0.925575 2.52698e-09  -1.95143 -3.50936 16.0215 1 ]
Camera "world" "float[2] shutteropening" [0 1]
EditEnd 
##streammarker82
EditBegin "instance" 
Transform [ -230.347 0 0 0  0 230.347 0 0  0 0 230.347 0  0 0 0 1 ]
Rotate -90 1 0 0
Bxdf "PxrLightEmission" "visualizer" "string __instanceid" ["PxrStdEnvMapLightShape1_visualizer"]
IfBegin "!defined(user:shader_bindingstrength) || $user:shader_bindingstrength <= 0" 
ShadingRate 10
Surface "renderman/gary/shaders/PxrStdEnvMapLightShape1_rfm" "float rman__LightPrimaryVisibility" [1] "float exposure" [0] "string rman__EnvMap" [""] "color envTint" [1 1 1] "float enableProcedural" [1] "float[2] rman__ProceduralResolution" [1024 512] "color proceduralColor" [1 1 1] "float enableTemperature" [0] 
"float temperature" [6500] "color specAmount" [1 1 1] "color diffAmount" [1 1 1] "float fixedSampleCount" [-1] "float importance" [1] "float enableShadows" [1] "color shadowColor" [0 0 0] 
"float adaptiveShadows" [1] "float shadowMaxDist" [-1] "float shadowTraceBias" [-1] "string shadowSubset" [""] "string shadowExcludeSubset" [""] "string __group" ["environment"] "float intensity" [1] "string coordSys" ["shader"] "__instanceid" ["renderman/gary/shaders/PxrStdEnvMapLightShape1_rfm_0"]
ShadingRate 10
AreaLightSource "renderman/gary/shaders/PxrStdEnvMapLightShape1_rfm" "PxrStdEnvMapLightShape1" "float rman__LightPrimaryVisibility" [1] "float exposure" [0] "string rman__EnvMap" [""] "color envTint" [1 1 1] "float enableProcedural" [1] "float[2] rman__ProceduralResolution" [1024 512] "color proceduralColor" [1 1 1] "float enableTemperature" [0] 
"float temperature" [6500] "color specAmount" [1 1 1] "color diffAmount" [1 1 1] "float fixedSampleCount" [-1] "float importance" [1] "float enableShadows" [1] "color shadowColor" [0 0 0] 
"float adaptiveShadows" [1] "float shadowMaxDist" [-1] "float shadowTraceBias" [-1] "string shadowSubset" [""] "string shadowExcludeSubset" [""] "string __group" ["environment"] "float intensity" [1] "string coordSys" ["shader"] "__instanceid" ["renderman/gary/shaders/PxrStdEnvMapLightShape1_rfm_0"]
Attribute "user" "int shader_bindingstrength" [0]
IfEnd 
EditEnd 
##streammarker83
EditBegin "option" 
Identity 
#Camera perspShape
Clipping 0.1 10000
Projection "perspective" "fov" [54.4322]
ScreenWindow -1 1 -0.5625 0.5625
Shutter 0 0
ConcatTransform [ 0.925871 0.0298972 0.376656 -8.22178e-10  2.7845e-08 0.996865 -0.0791265 -7.1588e-09  0.377841 -0.0732608 -0.922968 2.01469e-09  -1.94581 -3.51044 16.0079 1 ]
Camera "world" "float[2] shutteropening" [0 1]
EditEnd 
##streammarker84
EditBegin "option" 
Identity 
#Camera perspShape
Clipping 0.1 10000
Projection "perspective" "fov" [54.4322]
ScreenWindow -1 1 -0.5625 0.5625
Shutter 0 0
ConcatTransform [ 0.906308 0.0334403 0.421293 1.21041e-08  -9.04505e-10 0.996865 -0.0791264 -7.90417e-10  0.422618 -0.0717128 -0.903466 -3.79091e-09  -1.90382 -3.51788 15.9141 1 ]
Camera "world" "float[2] shutteropening" [0 1]
EditEnd 
##streammarker85
EditBegin "option" 
Identity 
#Camera perspShape
Clipping 0.1 10000
Projection "perspective" "fov" [54.4322]
ScreenWindow -1 1 -0.5625 0.5625
Shutter 0 0
ConcatTransform [ 0.857167 0.0353745 0.513822 5.00323e-09  -9.10332e-10 0.997639 -0.0686831 -4.30193e-11  0.515038 -0.0588729 -0.855143 2.27725e-09  -1.79867 -3.52442 15.6837 1 ]
Camera "world" "float[2] shutteropening" [0 1]
EditEnd 
##streammarker86
EditBegin "option" 
Identity 
#Camera perspShape
Clipping 0.1 10000
Projection "perspective" "fov" [54.4322]
ScreenWindow -1 1 -0.5625 0.5625
Shutter 0 0
ConcatTransform [ 0.82708 0.0386056 0.560756 1.98501e-09  -9.1094e-10 0.997638 -0.0686831 -1.70578e-11  0.562083 -0.0568065 -0.825127 1.04944e-09  -1.73445 -3.5312 15.5853 1 ]
Camera "world" "float[2] shutteropening" [0 1]
EditEnd 
##streammarker87
EditBegin "option" 
Identity 
#Camera perspShape
Clipping 0.1 10000
Projection "perspective" "fov" [54.4322]
ScreenWindow -1 1 -0.5625 0.5625
Shutter 0 0
ConcatTransform [ 0.819152 0.039395 0.572222 -4.29402e-10  -2.73321e-09 0.997639 -0.0686831 3.68941e-12  0.573576 -0.0562619 -0.817218 -2.35249e-10  -1.71755 -3.53286 15.5612 1 ]
Camera "world" "float[2] shutteropening" [0 1]
EditEnd 
##streammarker88
EditBegin "option" 
Identity 
#Camera perspShape
Clipping 0.1 10000
Projection "perspective" "fov" [54.4322]
ScreenWindow -1 1 -0.5625 0.5625
Shutter 0 0
ConcatTransform [ 0.794415 0.0417164 0.605941 -2.91556e-09  0 0.997638 -0.0686831 2.50386e-11  0.607376 -0.0545628 -0.792539 -1.7713e-09  -1.66483 -3.53772 15.4905 1 ]
Camera "world" "float[2] shutteropening" [0 1]
EditEnd 
##streammarker89
EditBegin "option" 
Identity 
#Camera perspShape
Clipping 0.1 10000
Projection "perspective" "fov" [54.4322]
ScreenWindow -1 1 -0.5625 0.5625
Shutter 0 0
ConcatTransform [ 0.785857 0.0424742 0.616948 -5.65919e-10  1.82303e-09 0.997639 -0.0686831 4.85927e-12  0.618408 -0.0539751 -0.784001 -3.55519e-10  -1.6466 -3.53931 15.4675 1 ]
Camera "world" "float[2] shutteropening" [0 1]
EditEnd 
##streammarker90
EditBegin "option" 
Identity 
#Camera perspShape
Clipping 0.1 10000
Projection "perspective" "fov" [54.4322]
ScreenWindow -1 1 -0.5625 0.5625
Shutter 0 0
ConcatTransform [ 0.759271 0.0446972 0.649237 1.37914e-09  1.82358e-09 0.997639 -0.0686831 -1.18359e-11  0.650774 -0.0521491 -0.757478 9.55641e-10  -1.59001 -3.54397 15.3998 1 ]
Camera "world" "float[2] shutteropening" [0 1]
EditEnd 
##streammarker91
EditBegin "option" 
Identity 
#Camera perspShape
Clipping 0.1 10000
Projection "perspective" "fov" [54.4322]
ScreenWindow -1 1 -0.5625 0.5625
Shutter 0 0
ConcatTransform [ 0.750111 0.045421 0.65975 -2.37037e-09  -1.82375e-09 0.997639 -0.0686831 2.03391e-11  0.661312 -0.05152 -0.74834 -1.69591e-09  -1.57052 -3.54548 15.3778 1 ]
Camera "world" "float[2] shutteropening" [0 1]
EditEnd 
##streammarker92
EditBegin "option" 
Identity 
#Camera perspShape
Clipping 0.1 10000
Projection "perspective" "fov" [54.4322]
ScreenWindow -1 1 -0.5625 0.5625
Shutter 0 0
ConcatTransform [ 0.716911 0.0478835 0.695519 -1.94361e-09  3.64852e-09 0.997639 -0.0686831 1.66663e-11  0.697165 -0.0492396 -0.715218 -1.55241e-09  -1.49992 -3.55064 15.303 1 ]
Camera "world" "float[2] shutteropening" [0 1]
EditEnd 
##streammarker93
EditBegin "option" 
Identity 
#Camera perspShape
Clipping 0.1 10000
Projection "perspective" "fov" [54.4322]
ScreenWindow -1 1 -0.5625 0.5625
Shutter 0 0
ConcatTransform [ 0.707107 0.0633292 0.704265 1.98267e-09  -9.0529e-10 0.995981 -0.089561 -2.20696e-11  0.707107 -0.0633292 -0.704265 1.63558e-09  -1.47909 -3.57771 15.3569 1 ]
Camera "world" "float[2] shutteropening" [0 1]
EditEnd 
##streammarker94
EditBegin "option" 
Identity 
#Camera perspShape
Clipping 0.1 10000
Projection "perspective" "fov" [54.4322]
ScreenWindow -1 1 -0.5625 0.5625
Shutter 0 0
ConcatTransform [ 0.707107 0.0707006 0.703563 -1.88142e-09  9.01656e-10 0.994989 -0.0999858 3.99609e-10  0.707107 -0.0707007 -0.703563 3.4096e-09  -1.47909 -3.58994 15.3944 1 ]
Camera "world" "float[2] shutteropening" [0 1]
EditEnd 
##streammarker95
EditBegin "option" 
Identity 
#Camera perspShape
Clipping 0.1 10000
Projection "perspective" "fov" [54.4322]
ScreenWindow -1 1 -0.5625 0.5625
Shutter 0 0
ConcatTransform [ 0.707107 0.0707006 0.703563 -1.88142e-09  9.01656e-10 0.994989 -0.0999858 3.99609e-10  0.707107 -0.0707007 -0.703563 3.4096e-09  -1.47909 -3.58994 15.3944 1 ]
Camera "world" "float[2] shutteropening" [0 1]
EditEnd 
##streammarker96
EditBegin "option" 
Identity 
#Camera perspShape
Clipping 0.1 10000
Projection "perspective" "fov" [54.4322]
ScreenWindow -1 1 -0.5625 0.5625
Shutter 0 0
ConcatTransform [ 0.702153 0.0711925 0.708458 -1.79443e-09  0 0.994989 -0.0999858 2.22493e-11  0.712026 -0.0702053 -0.698634 -1.50433e-09  -1.46856 -3.59097 15.3842 1 ]
Camera "world" "float[2] shutteropening" [0 1]
EditEnd 
##streammarker97
EditBegin "option" 
Identity 
#Camera perspShape
Clipping 0.1 10000
Projection "perspective" "fov" [54.4322]
ScreenWindow -1 1 -0.5625 0.5625
Shutter 0 0
ConcatTransform [ 0.697165 0.0716809 0.713318 -1.21718e-09  1.80351e-09 0.994989 -0.0999858 3.92676e-10  0.716911 -0.0697066 -0.693672 3.99673e-09  -1.45796 -3.59199 15.374 1 ]
Camera "world" "float[2] shutteropening" [0 1]
EditEnd 
##streammarker98
EditBegin "option" 
Identity 
#Camera perspShape
Clipping 0.1 10000
Projection "perspective" "fov" [54.4322]
ScreenWindow -1 1 -0.5625 0.5625
Shutter 0 0
ConcatTransform [ 0.666533 0.0667656 0.74248 1.96309e-09  0 0.995981 -0.089561 -2.18329e-11  0.745476 -0.0596953 -0.663854 1.83133e-09  -1.3929 -3.58489 15.277 1 ]
Camera "world" "float[2] shutteropening" [0 1]
EditEnd 
##streammarker99
EditBegin "option" 
Identity 
#Camera perspShape
Clipping 0.1 10000
Projection "perspective" "fov" [54.4322]
ScreenWindow -1 1 -0.5625 0.5625
Shutter 0 0
ConcatTransform [ 0.634731 0.0611436 0.770311 -2.23367e-09  -6.36482e-09 0.996865 -0.0791264 4.23467e-10  0.772734 -0.0502239 -0.63274 3.23693e-09  -1.3254 -3.57593 15.1827 1 ]
Camera "world" "float[2] shutteropening" [0 1]
EditEnd 
##streammarker100
EditBegin "option" 
Identity 
#Camera perspShape
Clipping 0.1 10000
Projection "perspective" "fov" [54.4322]
ScreenWindow -1 1 -0.5625 0.5625
Shutter 0 0
ConcatTransform [ 0.607376 0.0628592 0.791924 -6.74307e-09  -1.81878e-09 0.996865 -0.0791264 4.16307e-10  0.794415 -0.0480595 -0.605471 4.30973e-09  -1.26736 -3.57951 15.1376 1 ]
Camera "world" "float[2] shutteropening" [0 1]
EditEnd 
##streammarker101
EditBegin "option" 
Identity 
#Camera perspShape
Clipping 0.1 10000
Projection "perspective" "fov" [54.4322]
ScreenWindow -1 1 -0.5625 0.5625
Shutter 0 0
ConcatTransform [ 0.596225 0.0635241 0.8003 -4.18873e-10  3.18304e-09 0.996865 -0.0791264 4.11788e-12  0.802817 -0.0471771 -0.594356 -4.77001e-10  -1.24371 -3.5809 15.1202 1 ]
Camera "world" "float[2] shutteropening" [0 1]
EditEnd 
##streammarker102
EditBegin "option" 
Identity 
#Camera perspShape
Clipping 0.1 10000
Projection "perspective" "fov" [54.4322]
ScreenWindow -1 1 -0.5625 0.5625
Shutter 0 0
ConcatTransform [ 0.573576 0.0648165 0.816584 5.00253e-10  3.18335e-09 0.996865 -0.0791264 -4.91504e-12  0.819152 -0.045385 -0.571778 6.06478e-10  -1.19569 -3.5836 15.0862 1 ]
Camera "world" "float[2] shutteropening" [0 1]
EditEnd 
##streammarker103
EditBegin "option" 
Identity 
#Camera perspShape
Clipping 0.1 10000
Projection "perspective" "fov" [54.4322]
ScreenWindow -1 1 -0.5625 0.5625
Shutter 0 0
ConcatTransform [ 0.526956 0.0672489 0.847228 -2.68329e-09  -9.0969e-10 0.996865 -0.0791264 4.33846e-10  0.849893 -0.0416961 -0.525304 2.94957e-09  -1.09688 -3.58866 15.0224 1 ]
Camera "world" "float[2] shutteropening" [0 1]
EditEnd 
##streammarker104
EditBegin "option" 
Identity 
#Camera perspShape
Clipping 0.1 10000
Projection "perspective" "fov" [54.4322]
ScreenWindow -1 1 -0.5625 0.5625
Shutter 0 0
ConcatTransform [ 0.509041 0.0681074 0.858043 8.19482e-10  3.63897e-09 0.996865 -0.0791264 -8.03636e-12  0.860742 -0.0402786 -0.507445 1.18677e-09  -1.05893 -3.59045 14.9999 1 ]
Camera "world" "float[2] shutteropening" [0 1]
EditEnd 
##streammarker105
EditBegin "option" 
Identity 
#Camera perspShape
Clipping 0.1 10000
Projection "perspective" "fov" [54.4322]
ScreenWindow -1 1 -0.5625 0.5625
Shutter 0 0
ConcatTransform [ 0.490904 0.068936 0.868482 2.93527e-10  -2.27448e-09 0.996865 -0.0791264 -2.87679e-12  0.871214 -0.0388434 -0.489365 4.47097e-10  -1.02052 -3.59217 14.9781 1 ]
Camera "world" "float[2] shutteropening" [0 1]
EditEnd 
##streammarker106
EditBegin "option" 
Identity 
#Camera perspShape
Clipping 0.1 10000
Projection "perspective" "fov" [54.4322]
ScreenWindow -1 1 -0.5625 0.5625
Shutter 0 0
ConcatTransform [ 0.472551 0.0697343 0.87854 -7.52879e-10  8.18856e-09 0.996865 -0.0791264 7.37403e-12  0.881303 -0.0373912 -0.471069 -1.20752e-09  -0.981653 -3.59383 14.9572 1 ]
Camera "world" "float[2] shutteropening" [0 1]
EditEnd 
##streammarker107
EditBegin "option" 
Identity 
#Camera perspShape
Clipping 0.1 10000
Projection "perspective" "fov" [54.4322]
ScreenWindow -1 1 -0.5625 0.5625
Shutter 0 0
ConcatTransform [ 0.466387 0.0699937 0.881807 -3.15697e-09  1.36478e-09 0.996864 -0.0791264 4.40775e-10  0.884581 -0.0369035 -0.464924 2.3589e-09  -0.968602 -3.59437 14.9505 1 ]
Camera "world" "float[2] shutteropening" [0 1]
EditEnd 
##streammarker108
EditBegin "option" 
Identity 
#Camera perspShape
Clipping 0.1 10000
Projection "perspective" "fov" [54.4322]
ScreenWindow -1 1 -0.5625 0.5625
Shutter 0 0
ConcatTransform [ 0.4602 0.0702496 0.885032 7.65757e-09  1.3648e-09 0.996865 -0.0791264 -4.3848e-10  0.887815 -0.0364139 -0.458757 -2.79202e-09  -0.955504 -3.5949 14.9438 1 ]
Camera "world" "float[2] shutteropening" [0 1]
EditEnd 
##streammarker109
EditBegin "option" 
Identity 
#Camera perspShape
Clipping 0.1 10000
Projection "perspective" "fov" [54.4322]
ScreenWindow -1 1 -0.5625 0.5625
Shutter 0 0
