##RenderMan RIB
version 3.04
Option "rerender" "int[2] lodrange" [0 3]
##streammarker292
EditBegin "option" 
Identity 
#Camera perspShape
Clipping 0.1 10000
Projection "perspective" "fov" [54.4322]
ScreenWindow -1 1 -0.5625 0.5625
Shutter 0 0
ConcatTransform [ 0.0801989 -0.243477 -0.966585 -5.00617e-12  1.73425e-09 0.969709 -0.244264 1.80641e-13  -0.996779 -0.0195897 -0.0777696 7.11628e-11  -0.185683 -2.83929 17.9109 1 ]
Camera "world" "float[2] shutteropening" [0 1]
EditEnd 
##streammarker293
EditBegin "option" 
Identity 
#Camera perspShape
Clipping 0.1 10000
Projection "perspective" "fov" [54.4322]
ScreenWindow -1 1 -0.5625 0.5625
Shutter 0 0
ConcatTransform [ 0.0941083 -0.24318 -0.965405 -2.46978e-12  1.08392e-09 0.969709 -0.244264 8.77667e-14  -0.995562 -0.0229873 -0.0912576 2.98299e-11  -0.214989 -2.83997 17.9082 1 ]
Camera "world" "float[2] shutteropening" [0 1]
EditEnd 
##streammarker294
EditBegin "option" 
Identity 
#Camera perspShape
Clipping 0.1 10000
Projection "perspective" "fov" [54.4322]
ScreenWindow -1 1 -0.5625 0.5625
Shutter 0 0
ConcatTransform [ 0.135716 -0.242004 -0.960737 2.03057e-13  8.6719e-10 0.969709 -0.244264 -7.01995e-15  -0.990748 -0.0331504 -0.131605 -1.68772e-12  -0.302633 -2.84262 17.8976 1 ]
Camera "world" "float[2] shutteropening" [0 1]
EditEnd 
##streammarker295
EditBegin "option" 
Identity 
#Camera perspShape
Clipping 0.1 10000
Projection "perspective" "fov" [54.4322]
ScreenWindow -1 1 -0.5625 0.5625
Shutter 0 0
ConcatTransform [ 0.190809 -0.239776 -0.951892 -7.94948e-12  3.9028e-09 0.969709 -0.244264 2.69816e-13  -0.981627 -0.0466078 -0.185029 4.65102e-11  -0.41864 -2.84754 17.8781 1 ]
Camera "world" "float[2] shutteropening" [0 1]
EditEnd 
##streammarker296
EditBegin "option" 
Identity 
#Camera perspShape
Clipping 0.1 10000
Projection "perspective" "fov" [54.4322]
ScreenWindow -1 1 -0.5625 0.5625
Shutter 0 0
ConcatTransform [ 0.218143 -0.238382 -0.946355 -5.64682e-11  4.33676e-09 0.969709 -0.244264 1.90557e-12  -0.975917 -0.0532846 -0.211535 2.87303e-10  -0.476176 -2.85059 17.866 1 ]
Camera "world" "float[2] shutteropening" [0 1]
EditEnd 
##streammarker297
EditBegin "option" 
Identity 
#Camera perspShape
Clipping 0.1 10000
Projection "perspective" "fov" [54.4322]
ScreenWindow -1 1 -0.5625 0.5625
Shutter 0 0
ConcatTransform [ 0.252069 -0.236377 -0.938396 3.89535e-11  3.46978e-09 0.969709 -0.244264 -1.30734e-12  -0.967709 -0.0615715 -0.244434 -1.70134e-10  -0.547569 -2.85495 17.8487 1 ]
Camera "world" "float[2] shutteropening" [0 1]
EditEnd 
##streammarker298
EditBegin "option" 
Identity 
#Camera perspShape
Clipping 0.1 10000
Projection "perspective" "fov" [54.4322]
ScreenWindow -1 1 -0.5625 0.5625
Shutter 0 0
ConcatTransform [ 0.27228 -0.235035 -0.933071 1.10035e-10  0 0.969709 -0.244264 -3.6832e-12  -0.962218 -0.0665083 -0.264033 -4.42557e-10  -0.590091 -2.85787 17.8371 1 ]
Camera "world" "float[2] shutteropening" [0 1]
EditEnd 
##streammarker299
EditBegin "option" 
Identity 
#Camera perspShape
Clipping 0.1 10000
Projection "perspective" "fov" [54.4322]
ScreenWindow -1 1 -0.5625 0.5625
Shutter 0 0
ConcatTransform [ 0.292372 -0.233591 -0.927337 1.00591e-10  6.9406e-09 0.969709 -0.244264 -3.35941e-12  -0.956305 -0.0714159 -0.283515 -3.74633e-10  -0.632353 -2.86099 17.8247 1 ]
Camera "world" "float[2] shutteropening" [0 1]
EditEnd 
##streammarker300
EditBegin "option" 
Identity 
#Camera perspShape
Clipping 0.1 10000
Projection "perspective" "fov" [54.4322]
ScreenWindow -1 1 -0.5625 0.5625
Shutter 0 0
ConcatTransform [ 0.305695 -0.232571 -0.923288 4.18503e-11  5.20574e-09 0.969709 -0.244264 -1.39577e-12  -0.952129 -0.0746704 -0.296435 -1.48475e-10  -0.660375 -2.8632 17.8159 1 ]
Camera "world" "float[2] shutteropening" [0 1]
EditEnd 
##streammarker301
EditBegin "option" 
Identity 
#Camera perspShape
Clipping 0.1 10000
Projection "perspective" "fov" [54.4322]
ScreenWindow -1 1 -0.5625 0.5625
Shutter 0 0
ConcatTransform [ 0.312335 -0.232044 -0.921196 2.60217e-09  9.54413e-09 0.969709 -0.244264 8.9252e-10  -0.949972 -0.0762922 -0.302874 2.58584e-09  -0.674338 -2.86433 17.8114 1 ]
Camera "world" "float[2] shutteropening" [0 1]
EditEnd 
##streammarker302
EditBegin "option" 
Identity 
#Camera perspShape
Clipping 0.1 10000
Projection "perspective" "fov" [54.4322]
ScreenWindow -1 1 -0.5625 0.5625
Shutter 0 0
ConcatTransform [ 0.325568 -0.230956 -0.916878 2.837e-09  6.0739e-09 0.969709 -0.244264 8.8518e-10  -0.945519 -0.0795246 -0.315706 1.73805e-09  -0.702164 -2.86668 17.8021 1 ]
Camera "world" "float[2] shutteropening" [0 1]
EditEnd 
##streammarker303
EditBegin "option" 
Identity 
#Camera perspShape
Clipping 0.1 10000
Projection "perspective" "fov" [54.4322]
ScreenWindow -1 1 -0.5625 0.5625
Shutter 0 0
ConcatTransform [ 0.338738 -0.229823 -0.91238 3.06462e-10  1.38841e-08 0.969709 -0.244264 -1.01911e-11  -0.940881 -0.0827415 -0.328477 -9.70667e-10  -0.729855 -2.86912 17.7924 1 ]
Camera "world" "float[2] shutteropening" [0 1]
EditEnd 
##streammarker304
EditBegin "option" 
Identity 
#Camera perspShape
Clipping 0.1 10000
Projection "perspective" "fov" [54.4322]
ScreenWindow -1 1 -0.5625 0.5625
Shutter 0 0
ConcatTransform [ 0.358368 -0.22804 -0.905301 1.42119e-10  -4.33921e-09 0.969709 -0.244264 -4.71895e-12  -0.93358 -0.0875365 -0.347513 -4.22507e-10  -0.77112 -2.87296 17.7772 1 ]
Camera "world" "float[2] shutteropening" [0 1]
EditEnd 
##streammarker305
EditBegin "option" 
Identity 
#Camera perspShape
Clipping 0.1 10000
Projection "perspective" "fov" [54.4322]
ScreenWindow -1 1 -0.5625 0.5625
Shutter 0 0
ConcatTransform [ 0.371368 -0.226796 -0.900361 2.6342e-09  2.60371e-09 0.969709 -0.244264 8.93817e-10  -0.928486 -0.0907118 -0.360119 2.22998e-09  -0.798444 -2.87564 17.7665 1 ]
Camera "world" "float[2] shutteropening" [0 1]
EditEnd 
##streammarker306
EditBegin "option" 
Identity 
#Camera perspShape
Clipping 0.1 10000
Projection "perspective" "fov" [54.4322]
ScreenWindow -1 1 -0.5625 0.5625
Shutter 0 0
ConcatTransform [ 0.390731 -0.224846 -0.892622 2.2798e-10  1.736e-09 0.969709 -0.244264 -7.55354e-12  -0.920505 -0.0954416 -0.378895 -6.13833e-10  -0.839137 -2.87983 17.7499 1 ]
Camera "world" "float[2] shutteropening" [0 1]
EditEnd 
##streammarker307
EditBegin "option" 
Identity 
#Camera perspShape
Clipping 0.1 10000
Projection "perspective" "fov" [54.4322]
ScreenWindow -1 1 -0.5625 0.5625
Shutter 0 0
ConcatTransform [ 0.409923 -0.222798 -0.884491 1.62073e-10  3.47242e-09 0.969709 -0.244264 -5.36379e-12  -0.91212 -0.10013 -0.397506 -4.12575e-10  -0.879462 -2.88423 17.7325 1 ]
Camera "world" "float[2] shutteropening" [0 1]
EditEnd 
##streammarker308
EditBegin "option" 
Identity 
#Camera perspShape
Clipping 0.1 10000
Projection "perspective" "fov" [54.4322]
ScreenWindow -1 1 -0.5625 0.5625
Shutter 0 0
ConcatTransform [ 0.428935 -0.220652 -0.875972 -7.86103e-12  8.68216e-10 0.969709 -0.244264 2.5989e-13  -0.903335 -0.104773 -0.415942 1.89607e-11  -0.9194 -2.88883 17.7142 1 ]
Camera "world" "float[2] shutteropening" [0 1]
EditEnd 
##streammarker309
EditBegin "option" 
Identity 
#Camera perspShape
Clipping 0.1 10000
Projection "perspective" "fov" [54.4322]
ScreenWindow -1 1 -0.5625 0.5625
Shutter 0 0
ConcatTransform [ 0.441506 -0.219168 -0.870079 -1.75637e-10  8.68294e-10 0.969709 -0.244264 5.80296e-12  -0.897258 -0.107844 -0.428132 4.09121e-10  -0.945803 -2.89201 17.7016 1 ]
Camera "world" "float[2] shutteropening" [0 1]
EditEnd 
##streammarker310
EditBegin "option" 
Identity 
#Camera perspShape
Clipping 0.1 10000
Projection "perspective" "fov" [54.4322]
ScreenWindow -1 1 -0.5625 0.5625
Shutter 0 0
ConcatTransform [ 0.4602 -0.216861 -0.860922 -4.29801e-10  -1.21578e-08 0.969709 -0.244264 1.41877e-11  -0.887815 -0.11241 -0.44626 9.51561e-10  -0.985059 -2.89695 17.682 1 ]
Camera "world" "float[2] shutteropening" [0 1]
EditEnd 
##streammarker311
EditBegin "option" 
Identity 
#Camera perspShape
Clipping 0.1 10000
Projection "perspective" "fov" [54.4322]
ScreenWindow -1 1 -0.5625 0.5625
Shutter 0 0
ConcatTransform [ 0.472551 -0.215271 -0.854608 6.72227e-11  6.94802e-09 0.969709 -0.244264 -2.21778e-12  -0.881303 -0.115427 -0.458237 -1.44001e-10  -1.01099 -2.90035 17.6684 1 ]
Camera "world" "float[2] shutteropening" [0 1]
EditEnd 
##streammarker312
EditBegin "option" 
Identity 
#Camera perspShape
Clipping 0.1 10000
Projection "perspective" "fov" [54.4322]
ScreenWindow -1 1 -0.5625 0.5625
Shutter 0 0
ConcatTransform [ 0.48481 -0.213638 -0.848126 3.88391e-10  1.30289e-08 0.969709 -0.244264 -1.28068e-11  -0.87462 -0.118422 -0.470124 -8.05546e-10  -1.03673 -2.90384 17.6546 1 ]
Camera "world" "float[2] shutteropening" [0 1]
EditEnd 
##streammarker313
EditBegin "option" 
Identity 
#Camera perspShape
Clipping 0.1 10000
Projection "perspective" "fov" [54.4322]
ScreenWindow -1 1 -0.5625 0.5625
Shutter 0 0
ConcatTransform [ 0.496974 -0.211964 -0.84148 -3.02432e-10  -3.47474e-09 0.969709 -0.244264 9.96741e-12  -0.867765 -0.121393 -0.48192 6.07698e-10  -1.06226 -2.90742 17.6404 1 ]
Camera "world" "float[2] shutteropening" [0 1]
EditEnd 
##streammarker314
EditBegin "option" 
Identity 
#Camera perspShape
Clipping 0.1 10000
Projection "perspective" "fov" [54.4322]
ScreenWindow -1 1 -0.5625 0.5625
Shutter 0 0
ConcatTransform [ 0.509041 -0.210248 -0.834669 3.90353e-10  4.34391e-09 0.969709 -0.244264 -1.28589e-11  -0.860742 -0.124341 -0.493622 -7.60335e-10  -1.08759 -2.91109 17.6258 1 ]
Camera "world" "float[2] shutteropening" [0 1]
EditEnd 
##streammarker315
EditBegin "option" 
Identity 
#Camera perspShape
Clipping 0.1 10000
Projection "perspective" "fov" [54.4322]
ScreenWindow -1 1 -0.5625 0.5625
Shutter 0 0
ConcatTransform [ 0.52101 -0.208492 -0.827696 -3.48148e-11  -3.47553e-09 0.969709 -0.244264 1.14633e-12  -0.853551 -0.127264 -0.505228 6.57704e-11  -1.1127 -2.91484 17.6109 1 ]
Camera "world" "float[2] shutteropening" [0 1]
EditEnd 
##streammarker316
EditBegin "option" 
Identity 
#Camera perspShape
Clipping 0.1 10000
Projection "perspective" "fov" [54.4322]
ScreenWindow -1 1 -0.5625 0.5625
Shutter 0 0
ConcatTransform [ 0.532876 -0.206695 -0.820561 -8.66251e-10  8.68987e-09 0.969709 -0.244264 2.85104e-11  -0.846193 -0.130163 -0.516735 1.58799e-09  -1.1376 -2.91868 17.5957 1 ]
Camera "world" "float[2] shutteropening" [0 1]
EditEnd 
##streammarker317
EditBegin "option" 
Identity 
#Camera perspShape
Clipping 0.1 10000
Projection "perspective" "fov" [54.4322]
ScreenWindow -1 1 -0.5625 0.5625
Shutter 0 0
ConcatTransform [ 0.544639 -0.204857 -0.813266 7.69705e-10  -1.04291e-08 0.969709 -0.244264 -2.53223e-11  -0.83867 -0.133036 -0.528141 -1.36982e-09  -1.16227 -2.9226 17.5801 1 ]
Camera "world" "float[2] shutteropening" [0 1]
EditEnd 
##streammarker318
EditBegin "option" 
Identity 
#Camera perspShape
Clipping 0.1 10000
Projection "perspective" "fov" [54.4322]
ScreenWindow -1 1 -0.5625 0.5625
Shutter 0 0
ConcatTransform [ 0.562083 -0.202026 -0.802027 6.15868e-10  1.21697e-08 0.969709 -0.244264 -2.02492e-11  -0.827081 -0.137297 -0.545057 -1.04924e-09  -1.19886 -2.92864 17.5561 1 ]
Camera "world" "float[2] shutteropening" [0 1]
EditEnd 
##streammarker319
EditBegin "option" 
Identity 
#Camera perspShape
Clipping 0.1 10000
Projection "perspective" "fov" [54.4322]
ScreenWindow -1 1 -0.5625 0.5625
Shutter 0 0
ConcatTransform [ 0.579281 -0.199106 -0.790437 -3.80226e-10  -6.95556e-09 0.969709 -0.244264 1.24946e-11  -0.815128 -0.141498 -0.561734 6.20658e-10  -1.23492 -2.93487 17.5314 1 ]
Camera "world" "float[2] shutteropening" [0 1]
EditEnd 
##streammarker320
EditBegin "option" 
Identity 
#Camera perspShape
Clipping 0.1 10000
Projection "perspective" "fov" [54.4322]
ScreenWindow -1 1 -0.5625 0.5625
Shutter 0 0
ConcatTransform [ 0.601815 -0.195078 -0.774444 2.3263e-09  5.2182e-09 0.969709 -0.244264 9.2087e-10  -0.798635 -0.147002 -0.583585 2.40541e-09  -1.28216 -2.94345 17.4973 1 ]
Camera "world" "float[2] shutteropening" [0 1]
EditEnd 
##streammarker321
EditBegin "option" 
Identity 
#Camera perspShape
Clipping 0.1 10000
Projection "perspective" "fov" [54.4322]
ScreenWindow -1 1 -0.5625 0.5625
Shutter 0 0
ConcatTransform [ 0.618408 -0.191957 -0.762052 4.72594e-10  0 0.969709 -0.244264 -1.55116e-11  -0.785857 -0.151055 -0.599676 -7.00137e-10  -1.31693 -2.9501 17.4709 1 ]
Camera "world" "float[2] shutteropening" [0 1]
EditEnd 
##streammarker322
EditBegin "option" 
Identity 
#Camera perspShape
Clipping 0.1 10000
Projection "perspective" "fov" [54.4322]
ScreenWindow -1 1 -0.5625 0.5625
Shutter 0 0
ConcatTransform [ 0.64011 -0.187664 -0.745011 1.78026e-10  -3.48078e-09 0.969709 -0.244264 -5.83966e-12  -0.768283 -0.156356 -0.62072 -2.4989e-10  -1.36239 -2.95924 17.4347 1 ]
Camera "world" "float[2] shutteropening" [0 1]
EditEnd 
##streammarker323
EditBegin "option" 
Identity 
#Camera perspShape
Clipping 0.1 10000
Projection "perspective" "fov" [54.4322]
ScreenWindow -1 1 -0.5625 0.5625
Shutter 0 0
ConcatTransform [ 0.661312 -0.183225 -0.727389 -9.96586e-10  -3.48203e-09 0.969709 -0.244264 3.26719e-11  -0.750111 -0.161535 -0.64128 1.32654e-09  -1.40679 -2.96868 17.3972 1 ]
Camera "world" "float[2] shutteropening" [0 1]
EditEnd 
##streammarker324
EditBegin "option" 
Identity 
#Camera perspShape
Clipping 0.1 10000
Projection "perspective" "fov" [54.4322]
ScreenWindow -1 1 -0.5625 0.5625
Shutter 0 0
ConcatTransform [ 0.676876 -0.179802 -0.7138 2.10109e-10  1.74152e-09 0.969709 -0.244264 -6.88539e-12  -0.736097 -0.165337 -0.656373 -2.68875e-10  -1.43937 -2.97596 17.3683 1 ]
Camera "world" "float[2] shutteropening" [0 1]
EditEnd 
##streammarker325
EditBegin "option" 
Identity 
#Camera perspShape
Clipping 0.1 10000
Projection "perspective" "fov" [54.4322]
ScreenWindow -1 1 -0.5625 0.5625
Shutter 0 0
ConcatTransform [ 0.697165 -0.175116 -0.695194 3.16209e-10  -3.48446e-09 0.969709 -0.244264 -1.03571e-11  -0.716911 -0.170292 -0.676047 -3.84142e-10  -1.48183 -2.98593 17.3287 1 ]
Camera "world" "float[2] shutteropening" [0 1]
EditEnd 
##streammarker326
EditBegin "option" 
Identity 
#Camera perspShape
Clipping 0.1 10000
Projection "perspective" "fov" [54.4322]
ScreenWindow -1 1 -0.5625 0.5625
Shutter 0 0
ConcatTransform [ 0.712026 -0.171511 -0.680884 3.15533e-10  -3.4856e-09 0.969709 -0.244264 -1.03312e-11  -0.702153 -0.173922 -0.690458 -3.6876e-10  -1.51292 -2.99359 17.2983 1 ]
Camera "world" "float[2] shutteropening" [0 1]
EditEnd 
##streammarker327
EditBegin "option" 
Identity 
#Camera perspShape
Clipping 0.1 10000
Projection "perspective" "fov" [54.4322]
ScreenWindow -1 1 -0.5625 0.5625
Shutter 0 0
ConcatTransform [ 0.736097 -0.165337 -0.656373 -1.24749e-09  -1.04629e-08 0.969709 -0.244264 4.08223e-11  -0.676876 -0.179802 -0.7138 1.36729e-09  -1.56325 -3.0067 17.2462 1 ]
Camera "world" "float[2] shutteropening" [0 1]
EditEnd 
##streammarker328
EditBegin "option" 
Identity 
#Camera perspShape
Clipping 0.1 10000
Projection "perspective" "fov" [54.4322]
ScreenWindow -1 1 -0.5625 0.5625
Shutter 0 0
ConcatTransform [ 0.75471 -0.160252 -0.636186 2.2127e-09  0 0.969709 -0.244264 9.49615e-10  -0.656059 -0.184349 -0.731848 2.45955e-09  -1.60214 -3.0175 17.2034 1 ]
Camera "world" "float[2] shutteropening" [0 1]
EditEnd 
##streammarker329
EditBegin "option" 
Identity 
#Camera perspShape
Clipping 0.1 10000
Projection "perspective" "fov" [54.4322]
ScreenWindow -1 1 -0.5625 0.5625
Shutter 0 0
ConcatTransform [ 0.772734 -0.155042 -0.615504 -4.37076e-10  0 0.969709 -0.244264 1.42908e-11  -0.634731 -0.188751 -0.749327 4.32437e-10  -1.63979 -3.02856 17.1595 1 ]
Camera "world" "float[2] shutteropening" [0 1]
EditEnd 
##streammarker330
EditBegin "option" 
Identity 
#Camera perspShape
Clipping 0.1 10000
Projection "perspective" "fov" [54.4322]
ScreenWindow -1 1 -0.5625 0.5625
Shutter 0 0
ConcatTransform [ 0.790155 -0.149711 -0.594341 3.16933e-10  0 0.969709 -0.244264 -1.03585e-11  -0.612907 -0.193007 -0.76622 -2.97882e-10  -1.67616 -3.03987 17.1146 1 ]
Camera "world" "float[2] shutteropening" [0 1]
EditEnd 
##streammarker331
EditBegin "option" 
Identity 
#Camera perspShape
Clipping 0.1 10000
Projection "perspective" "fov" [54.4322]
ScreenWindow -1 1 -0.5625 0.5625
Shutter 0 0
ConcatTransform [ 0.80696 -0.144264 -0.572715 2.45107e-09  6.99144e-09 0.969709 -0.244264 -8.008e-11  -0.590606 -0.197112 -0.782516 -2.18787e-09  -1.71122 -3.05142 17.0687 1 ]
Camera "world" "float[2] shutteropening" [0 1]
EditEnd 
##streammarker332
EditBegin "option" 
Identity 
#Camera perspShape
Clipping 0.1 10000
Projection "perspective" "fov" [54.4322]
ScreenWindow -1 1 -0.5625 0.5625
Shutter 0 0
ConcatTransform [ 0.819152 -0.140104 -0.556202 -8.84138e-10  -5.24633e-09 0.969709 -0.244264 2.88784e-11  -0.573576 -0.200089 -0.794339 7.59036e-10  -1.73664 -3.06024 17.0337 1 ]
Camera "world" "float[2] shutteropening" [0 1]
EditEnd 
##streammarker333
EditBegin "option" 
Identity 
#Camera perspShape
Clipping 0.1 10000
Projection "perspective" "fov" [54.4322]
ScreenWindow -1 1 -0.5625 0.5625
Shutter 0 0
ConcatTransform [ 0.82708 -0.137297 -0.545057 -2.03014e-09  -1.57448e-08 0.969709 -0.244264 6.62985e-11  -0.562083 -0.202026 -0.802027 1.69791e-09  -1.75317 -3.06619 17.0101 1 ]
Camera "world" "float[2] shutteropening" [0 1]
EditEnd 
##streammarker334
EditBegin "option" 
Identity 
#Camera perspShape
Clipping 0.1 10000
Projection "perspective" "fov" [54.4322]
ScreenWindow -1 1 -0.5625 0.5625
Shutter 0 0
ConcatTransform [ 0.838671 -0.133036 -0.528141 1.40014e-09  5.25131e-09 0.969709 -0.244264 -4.57129e-11  -0.544639 -0.204857 -0.813266 -1.12565e-09  -1.77731 -3.07522 16.9742 1 ]
Camera "world" "float[2] shutteropening" [0 1]
EditEnd 
##streammarker335
EditBegin "option" 
Identity 
#Camera perspShape
Clipping 0.1 10000
Projection "perspective" "fov" [54.4322]
ScreenWindow -1 1 -0.5625 0.5625
Shutter 0 0
ConcatTransform [ 0.846193 -0.130163 -0.516735 -6.17585e-11  -8.75576e-09 0.969709 -0.244264 2.01601e-12  -0.532876 -0.206695 -0.820561 4.83495e-11  -1.79298 -3.08131 16.95 1 ]
Camera "world" "float[2] shutteropening" [0 1]
EditEnd 
##streammarker336
EditBegin "option" 
Identity 
#Camera perspShape
Clipping 0.1 10000
Projection "perspective" "fov" [54.4322]
ScreenWindow -1 1 -0.5625 0.5625
Shutter 0 0
ConcatTransform [ 0.853551 -0.127264 -0.505228 -8.38219e-10  1.57671e-08 0.969709 -0.244264 2.73579e-11  -0.52101 -0.208492 -0.827696 6.38894e-10  -1.80829 -3.08745 16.9257 1 ]
Camera "world" "float[2] shutteropening" [0 1]
EditEnd 
##streammarker337
EditBegin "option" 
Identity 
#Camera perspShape
Clipping 0.1 10000
Projection "perspective" "fov" [54.4322]
ScreenWindow -1 1 -0.5625 0.5625
Shutter 0 0
ConcatTransform [ 0.857167 -0.125805 -0.499437 1.09217e-09  5.25687e-09 0.969709 -0.244264 1.02162e-09  -0.515038 -0.209375 -0.831203 3.35209e-09  -1.81582 -3.09054 16.9134 1 ]
Camera "world" "float[2] shutteropening" [0 1]
EditEnd 
##streammarker338
EditBegin "option" 
Identity 
#Camera perspShape
Clipping 0.1 10000
Projection "perspective" "fov" [54.4322]
ScreenWindow -1 1 -0.5625 0.5625
Shutter 0 0
ConcatTransform [ 0.864275 -0.127971 -0.486469 3.00794e-09  -8.73655e-09 0.967098 -0.254405 -1.01999e-10  -0.50302 -0.219876 -0.835838 -2.19929e-09  -1.8306 -3.07713 16.921 1 ]
Camera "world" "float[2] shutteropening" [0 1]
EditEnd 
##streammarker339
EditBegin "option" 
Identity 
#Camera perspShape
Clipping 0.1 10000
Projection "perspective" "fov" [54.4322]
ScreenWindow -1 1 -0.5625 0.5625
Shutter 0 0
ConcatTransform [ 0.867765 -0.126433 -0.480622 -5.66398e-10  -6.991e-09 0.967098 -0.254405 1.08653e-09  -0.496974 -0.220764 -0.839214 4.52342e-09  -1.83786 -3.08038 16.9086 1 ]
Camera "world" "float[2] shutteropening" [0 1]
EditEnd 
##streammarker340
EditBegin "option" 
Identity 
#Camera perspShape
Clipping 0.1 10000
Projection "perspective" "fov" [54.4322]
ScreenWindow -1 1 -0.5625 0.5625
Shutter 0 0
ConcatTransform [ 0.871214 -0.124889 -0.474752 -2.44685e-09  3.4964e-09 0.967098 -0.254405 8.29598e-11  -0.490904 -0.221641 -0.842549 1.74071e-09  -1.84503 -3.08365 16.8962 1 ]
Camera "world" "float[2] shutteropening" [0 1]
EditEnd 
##streammarker341
EditBegin "option" 
Identity 
#Camera perspShape
Clipping 0.1 10000
Projection "perspective" "fov" [54.4322]
ScreenWindow -1 1 -0.5625 0.5625
Shutter 0 0
ConcatTransform [ 0.87462 -0.128241 -0.467541 -2.53785e-09  -1.3943e-08 0.964381 -0.264519 8.92621e-11  -0.48481 -0.231353 -0.843466 1.77884e-09  -1.85211 -3.06735 16.916 1 ]
Camera "world" "float[2] shutteropening" [0 1]
EditEnd 
##streammarker342
EditBegin "option" 
Identity 
#Camera perspShape
Clipping 0.1 10000
Projection "perspective" "fov" [54.4322]
ScreenWindow -1 1 -0.5625 0.5625
Shutter 0 0
ConcatTransform [ 0.877983 -0.126623 -0.461641 6.20459e-10  1.91771e-08 0.964381 -0.264519 -2.18213e-11  -0.478692 -0.232243 -0.84671 -4.28898e-10  -1.8591 -3.07078 16.9035 1 ]
Camera "world" "float[2] shutteropening" [0 1]
EditEnd 
##streammarker343
EditBegin "option" 
Identity 
#Camera perspShape
Clipping 0.1 10000
Projection "perspective" "fov" [54.4322]
ScreenWindow -1 1 -0.5625 0.5625
Shutter 0 0
ConcatTransform [ 0.884581 -0.123368 -0.449774 -2.58017e-09  -8.72208e-09 0.964381 -0.264519 9.073e-11  -0.466387 -0.233988 -0.853073 1.73431e-09  -1.87281 -3.07767 16.8783 1 ]
Camera "world" "float[2] shutteropening" [0 1]
EditEnd 
##streammarker344
EditBegin "option" 
Identity 
#Camera perspShape
Clipping 0.1 10000
Projection "perspective" "fov" [54.4322]
ScreenWindow -1 1 -0.5625 0.5625
Shutter 0 0
ConcatTransform [ 0.900319 -0.115127 -0.419728 2.72306e-09  8.73623e-09 0.964381 -0.264519 -9.57197e-11  -0.435231 -0.238151 -0.86825 -1.70399e-09  -1.90547 -3.09512 16.8147 1 ]
Camera "world" "float[2] shutteropening" [0 1]
EditEnd 
##streammarker345
EditBegin "option" 
Identity 
#Camera perspShape
Clipping 0.1 10000
Projection "perspective" "fov" [54.4322]
ScreenWindow -1 1 -0.5625 0.5625
Shutter 0 0
ConcatTransform [ 0.91496 -0.106745 -0.389171 -4.60241e-10  7.00187e-09 0.964381 -0.264519 1.61725e-11  -0.403545 -0.242024 -0.882369 2.67432e-10  -1.93581 -3.11285 16.7501 1 ]
Camera "world" "float[2] shutteropening" [0 1]
EditEnd 
##streammarker346
EditBegin "option" 
Identity 
#Camera perspShape
Clipping 0.1 10000
Projection "perspective" "fov" [54.4322]
ScreenWindow -1 1 -0.5625 0.5625
Shutter 0 0
ConcatTransform [ 0.938493 -0.0913379 -0.332999 -1.25602e-09  3.51502e-09 0.964381 -0.264519 4.41089e-11  -0.345298 -0.248249 -0.905064 6.33477e-10  -1.98446 -3.14544 16.6313 1 ]
Camera "world" "float[2] shutteropening" [0 1]
EditEnd 
##streammarker347
EditBegin "option" 
Identity 
#Camera perspShape
Clipping 0.1 10000
Projection "perspective" "fov" [54.4322]
ScreenWindow -1 1 -0.5625 0.5625
Shutter 0 0
ConcatTransform [ 0.960294 -0.0737984 -0.269054 -2.80733e-10  0 0.964381 -0.264519 2.03974e-09  -0.278991 -0.254016 -0.926089 -9.66289e-10  -2.02932 -3.18252 16.4961 1 ]
Camera "world" "float[2] shutteropening" [0 1]
EditEnd 
##streammarker348
EditBegin "option" 
Identity 
#Camera perspShape
Clipping 0.1 10000
Projection "perspective" "fov" [54.4322]
ScreenWindow -1 1 -0.5625 0.5625
Shutter 0 0
ConcatTransform [ 0.977416 -0.053762 -0.204372 7.50908e-10  2.16937e-08 0.967098 -0.254405 -7.30346e-09  -0.211325 -0.24866 -0.945257 3.47309e-09  -2.06429 -3.23407 16.3244 1 ]
Camera "world" "float[2] shutteropening" [0 1]
EditEnd 
##streammarker349
EditBegin "option" 
Identity 
#Camera perspShape
Clipping 0.1 10000
Projection "perspective" "fov" [54.4322]
ScreenWindow -1 1 -0.5625 0.5625
Shutter 0 0
ConcatTransform [ 0.988756 -0.0365261 -0.145006 5.22857e-10  -1.81306e-08 0.969709 -0.244264 -7.29565e-09  -0.149535 -0.241518 -0.958806 3.45723e-09  -2.08718 -3.27931 16.164 1 ]
Camera "world" "float[2] shutteropening" [0 1]
EditEnd 
##streammarker350
EditBegin "option" 
Identity 
#Camera perspShape
Clipping 0.1 10000
Projection "perspective" "fov" [54.4322]
ScreenWindow -1 1 -0.5625 0.5625
Shutter 0 0
ConcatTransform [ 0.994151 -0.0263804 -0.104728 -8.12219e-14  1.54863e-08 0.969709 -0.244264 1.55997e-12  -0.107999 -0.242835 -0.964037 -7.47672e-13  -2.09786 -3.30073 16.079 1 ]
Camera "world" "float[2] shutteropening" [0 1]
EditEnd 
##streammarker351
EditBegin "option" 
Identity 
#Camera perspShape
Clipping 0.1 10000
Projection "perspective" "fov" [54.4322]
ScreenWindow -1 1 -0.5625 0.5625
Shutter 0 0
ConcatTransform [ 0.99863 -0.0127835 -0.05075 2.19966e-10  4.80817e-08 0.969709 -0.244264 -8.64881e-09  -0.052336 -0.243929 -0.96838 4.19726e-09  -2.10637 -3.32941 15.9651 1 ]
Camera "world" "float[2] shutteropening" [0 1]
EditEnd 
##streammarker352
EditBegin "option" 
Identity 
#Camera perspShape
Clipping 0.1 10000
Projection "perspective" "fov" [54.4322]
ScreenWindow -1 1 -0.5625 0.5625
Shutter 0 0
ConcatTransform [ 0.999945 -0.00255784 -0.0101546 -3.77739e-11  -1.8907e-08 0.969709 -0.244264 7.37818e-09  -0.0104718 -0.244251 -0.969656 -3.60706e-09  -2.10845 -3.35098 15.8795 1 ]
Camera "world" "float[2] shutteropening" [0 1]
EditEnd 
##streammarker353
EditBegin "option" 
Identity 
#Camera perspShape
Clipping 0.1 10000
Projection "perspective" "fov" [54.4322]
ScreenWindow -1 1 -0.5625 0.5625
Shutter 0 0
ConcatTransform [ 0.998971 0.0110804 0.0439889 -1.87954e-08  -6.05699e-09 0.969709 -0.244264 -1.93746e-09  0.045363 -0.244013 -0.96871 6.91865e-09  -2.10547 -3.37973 15.7653 1 ]
Camera "world" "float[2] shutteropening" [0 1]
EditEnd 
##streammarker354
EditBegin "option" 
Identity 
#Camera perspShape
Clipping 0.1 10000
Projection "perspective" "fov" [54.4322]
ScreenWindow -1 1 -0.5625 0.5625
Shutter 0 0
ConcatTransform [ 0.997314 0.0178895 0.0710199 -5.43434e-09  0 0.969709 -0.244264 5.85829e-09  0.0732382 -0.243608 -0.967104 5.72412e-09  -2.10151 -3.39408 15.7084 1 ]
Camera "world" "float[2] shutteropening" [0 1]
EditEnd 
##streammarker355
EditBegin "option" 
Identity 
#Camera perspShape
Clipping 0.1 10000
Projection "perspective" "fov" [54.4322]
ScreenWindow -1 1 -0.5625 0.5625
Shutter 0 0
ConcatTransform [ 0.994151 0.0263804 0.104728 -7.33604e-10  -3.34469e-08 0.969709 -0.244264 -5.29387e-09  0.107999 -0.242835 -0.964037 6.75294e-09  -2.09426 -3.41197 15.6374 1 ]
Camera "world" "float[2] shutteropening" [0 1]
EditEnd 
##streammarker356
EditBegin "option" 
Identity 
#Camera perspShape
Clipping 0.1 10000
Projection "perspective" "fov" [54.4322]
ScreenWindow -1 1 -0.5625 0.5625
Shutter 0 0
ConcatTransform [ 0.988756 0.0365261 0.145006 0  1.04522e-09 0.969709 -0.244264 0  0.149535 -0.241518 -0.958806 0  -2.0822 -3.43334 15.5525 1 ]
Camera "world" "float[2] shutteropening" [0 1]
EditEnd 
##streammarker357
EditBegin "option" 
Identity 
#Camera perspShape
Clipping 0.1 10000
Projection "perspective" "fov" [54.4322]
ScreenWindow -1 1 -0.5625 0.5625
Shutter 0 0
ConcatTransform [ 0.982935 0.0449327 0.178379 0  8.36174e-09 0.969709 -0.244264 0  0.183951 -0.240096 -0.953161 0  -2.06935 -3.45104 15.4823 1 ]
Camera "world" "float[2] shutteropening" [0 1]
EditEnd 
##streammarker358
EditBegin "option" 
Identity 
#Camera perspShape
Clipping 0.1 10000
Projection "perspective" "fov" [54.4322]
ScreenWindow -1 1 -0.5625 0.5625
Shutter 0 0
ConcatTransform [ 0.978867 0.0499511 0.198302 -1.4068e-09  -8.36174e-09 0.969709 -0.244264 -5.27203e-09  0.204496 -0.239102 -0.949216 6.73397e-09  -2.06043 -3.4616 15.4403 1 ]
Camera "world" "float[2] shutteropening" [0 1]
EditEnd 
##streammarker359
EditBegin "option" 
Identity 
#Camera perspShape
Clipping 0.1 10000
Projection "perspective" "fov" [54.4322]
ScreenWindow -1 1 -0.5625 0.5625
Shutter 0 0
ConcatTransform [ 0.972776 0.0566078 0.224728 -2.55249e-08  -4.36397e-08 0.969709 -0.244264 4.56112e-09  0.231748 -0.237614 -0.943309 -1.30017e-08  -2.04714 -3.47561 15.3847 1 ]
Camera "world" "float[2] shutteropening" [0 1]
EditEnd 
##streammarker360
EditBegin "option" 
Identity 
#Camera perspShape
Clipping 0.1 10000
Projection "perspective" "fov" [54.4322]
ScreenWindow -1 1 -0.5625 0.5625
Shutter 0 0
ConcatTransform [ 0.964095 0.0675591 0.256819 2.60724e-08  0 0.967098 -0.254405 2.43935e-09  0.265556 -0.245271 -0.932374 6.25226e-09  -2.02827 -3.4898 15.3523 1 ]
Camera "world" "float[2] shutteropening" [0 1]
EditEnd 
##streammarker361
EditBegin "option" 
Identity 
#Camera perspShape
Clipping 0.1 10000
Projection "perspective" "fov" [54.4322]
ScreenWindow -1 1 -0.5625 0.5625
Shutter 0 0
ConcatTransform [ 0.958323 0.0726809 0.276289 2.94282e-10  0 0.967098 -0.254405 1.96899e-09  0.285688 -0.243802 -0.926791 -9.87149e-10  -2.01576 -3.50058 15.3113 1 ]
Camera "world" "float[2] shutteropening" [0 1]
EditEnd 
##streammarker362
EditBegin "option" 
Identity 
#Camera perspShape
Clipping 0.1 10000
Projection "perspective" "fov" [54.4322]
ScreenWindow -1 1 -0.5625 0.5625
Shutter 0 0
ConcatTransform [ 0.945519 0.0828261 0.314856 1.11514e-09  0 0.967098 -0.254405 6.50781e-09  0.325568 -0.240545 -0.914409 -3.2386e-09  -1.98811 -3.52191 15.2302 1 ]
Camera "world" "float[2] shutteropening" [0 1]
EditEnd 
##streammarker363
EditBegin "option" 
Identity 
#Camera perspShape
Clipping 0.1 10000
Projection "perspective" "fov" [54.4322]
ScreenWindow -1 1 -0.5625 0.5625
Shutter 0 0
ConcatTransform [ 0.928486 0.101979 0.357092 9.53436e-11  -2.7582e-08 0.961558 -0.274603 4.6219e-10  0.371368 -0.254965 -0.892793 -2.38376e-10  -1.95143 -3.54338 15.2113 1 ]
Camera "world" "float[2] shutteropening" [0 1]
EditEnd 
##streammarker364
EditBegin "option" 
Identity 
#Camera perspShape
Clipping 0.1 10000
Projection "perspective" "fov" [54.4322]
ScreenWindow -1 1 -0.5625 0.5625
Shutter 0 0
ConcatTransform [ 0.920505 0.107296 0.375711 2.1971e-09  0 0.961558 -0.274603 -1.10464e-08  0.390731 -0.252773 -0.885118 -2.08153e-09  -1.93428 -3.55456 15.1722 1 ]
Camera "world" "float[2] shutteropening" [0 1]
EditEnd 
##streammarker365
EditBegin "option" 
Identity 
#Camera perspShape
Clipping 0.1 10000
Projection "perspective" "fov" [54.4322]
ScreenWindow -1 1 -0.5625 0.5625
Shutter 0 0
ConcatTransform [ 0.906308 0.116052 0.406372 -1.41198e-09  1.04039e-07 0.961558 -0.274603 -5.96725e-09  0.422618 -0.248875 -0.871467 3.028e-09  -1.90382 -3.57295 15.1078 1 ]
Camera "world" "float[2] shutteropening" [0 1]
EditEnd 
##streammarker366
EditBegin "option" 
Identity 
#Camera perspShape
Clipping 0.1 10000
Projection "perspective" "fov" [54.4322]
ScreenWindow -1 1 -0.5625 0.5625
Shutter 0 0
ConcatTransform [ 0.884581 0.128071 0.448458 1.13828e-09  0 0.961558 -0.274603 4.32954e-09  0.466387 -0.242909 -0.850576 -2.15895e-09  -1.85728 -3.5982 15.0194 1 ]
Camera "world" "float[2] shutteropening" [0 1]
EditEnd 
##streammarker367
EditBegin "option" 
Identity 
#Camera perspShape
Clipping 0.1 10000
Projection "perspective" "fov" [54.4322]
ScreenWindow -1 1 -0.5625 0.5625
Shutter 0 0
ConcatTransform [ 0.864275 0.143188 0.48221 1.13874e-09  0 0.958629 -0.284657 3.90201e-09  0.50302 -0.246022 -0.828519 -1.95655e-09  -1.81386 -3.62 14.9834 1 ]
Camera "world" "float[2] shutteropening" [0 1]
EditEnd 
##streammarker368
EditBegin "option" 
Identity 
#Camera perspShape
Clipping 0.1 10000
Projection "perspective" "fov" [54.4322]
ScreenWindow -1 1 -0.5625 0.5625
Shutter 0 0
ConcatTransform [ 0.83867 0.160494 0.520455 -2.38449e-09  -3.1648e-09 0.955596 -0.29468 9.19484e-11  0.544639 -0.247139 -0.80143 -1.19298e-09  -1.75918 -3.64602 14.9378 1 ]
Camera "world" "float[2] shutteropening" [0 1]
EditEnd 
##streammarker369
EditBegin "option" 
Identity 
#Camera perspShape
Clipping 0.1 10000
Projection "perspective" "fov" [54.4322]
ScreenWindow -1 1 -0.5625 0.5625
Shutter 0 0
ConcatTransform [ 0.811064 0.172375 0.558983 -9.91454e-10  6.35929e-09 0.955596 -0.29468 3.82113e-11  0.584958 -0.239004 -0.775049 -5.62282e-10  -1.7003 -3.67093 14.8571 1 ]
Camera "world" "float[2] shutteropening" [0 1]
EditEnd 
##streammarker370
EditBegin "option" 
Identity 
#Camera perspShape
Clipping 0.1 10000
Projection "perspective" "fov" [54.4322]
ScreenWindow -1 1 -0.5625 0.5625
Shutter 0 0
ConcatTransform [ 0.785857 0.182233 0.590948 1.14928e-10  9.57034e-09 0.955596 -0.29468 -4.42726e-12  0.618409 -0.231576 -0.750962 7.21703e-11  -1.6466 -3.69159 14.7901 1 ]
Camera "world" "float[2] shutteropening" [0 1]
EditEnd 
##streammarker371
EditBegin "option" 
Identity 
#Camera perspShape
Clipping 0.1 10000
Projection "perspective" "fov" [54.4322]
ScreenWindow -1 1 -0.5625 0.5625
Shutter 0 0
ConcatTransform [ 0.759271 0.19177 0.621877 4.57529e-10  0 0.955596 -0.29468 -1.76159e-11  0.650774 -0.223742 -0.725557 3.16913e-10  -1.59001 -3.71157 14.7253 1 ]
Camera "world" "float[2] shutteropening" [0 1]
EditEnd 
##streammarker372
EditBegin "option" 
Identity 
#Camera perspShape
Clipping 0.1 10000
Projection "perspective" "fov" [54.4322]
ScreenWindow -1 1 -0.5625 0.5625
Shutter 0 0
ConcatTransform [ 0.736097 0.199462 0.64682 -2.20551e-09  1.60268e-08 0.955596 -0.29468 8.48784e-11  0.676876 -0.216913 -0.703411 -1.65414e-09  -1.54072 -3.72767 14.673 1 ]
Camera "world" "float[2] shutteropening" [0 1]
EditEnd 
##streammarker373
EditBegin "option" 
Identity 
#Camera perspShape
Clipping 0.1 10000
Projection "perspective" "fov" [54.4322]
ScreenWindow -1 1 -0.5625 0.5625
Shutter 0 0
ConcatTransform [ 0.712026 0.206911 0.670975 -1.73983e-09  -9.63299e-09 0.955596 -0.29468 6.69244e-11  0.702153 -0.20982 -0.680409 -1.41091e-09  -1.48954 -3.74326 14.6225 1 ]
Camera "world" "float[2] shutteropening" [0 1]
EditEnd 
##streammarker374
EditBegin "option" 
Identity 
#Camera perspShape
Clipping 0.1 10000
Projection "perspective" "fov" [54.4322]
ScreenWindow -1 1 -0.5625 0.5625
Shutter 0 0
ConcatTransform [ 0.687087 0.214107 0.694312 1.5223e-09  3.21599e-09 0.955596 -0.29468 -5.85265e-11  0.726575 -0.202471 -0.656578 1.33356e-09  -1.43656 -3.75831 14.5737 1 ]
Camera "world" "float[2] shutteropening" [0 1]
EditEnd 
##streammarker375
EditBegin "option" 
Identity 
#Camera perspShape
Clipping 0.1 10000
Projection "perspective" "fov" [54.4322]
ScreenWindow -1 1 -0.5625 0.5625
Shutter 0 0
ConcatTransform [ 0.666533 0.219677 0.712374 -2.42764e-09  -1.28783e-08 0.955596 -0.29468 9.32925e-11  0.745476 -0.196414 -0.636936 -2.26128e-09  -1.3929 -3.76995 14.5359 1 ]
Camera "world" "float[2] shutteropening" [0 1]
EditEnd 
##streammarker376
EditBegin "option" 
Identity 
#Camera perspShape
Clipping 0.1 10000
Projection "perspective" "fov" [54.4322]
ScreenWindow -1 1 -0.5625 0.5625
Shutter 0 0
ConcatTransform [ 0.645458 0.225075 0.72988 5.46597e-09  -1.61143e-08 0.955596 -0.29468 -3.02626e-09  0.763796 -0.190204 -0.616797 -5.06902e-09  -1.34816 -3.78123 14.4994 1 ]
Camera "world" "float[2] shutteropening" [0 1]
EditEnd 
##streammarker377
EditBegin "option" 
Identity 
#Camera perspShape
Clipping 0.1 10000
Projection "perspective" "fov" [54.4322]
ScreenWindow -1 1 -0.5625 0.5625
Shutter 0 0
ConcatTransform [ 0.62388 0.238106 0.744365 9.38987e-10  -3.2026e-09 0.952458 -0.304671 -3.71915e-11  0.78152 -0.190078 -0.594219 9.89886e-10  -1.30237 -3.79785 14.5037 1 ]
Camera "world" "float[2] shutteropening" [0 1]
EditEnd 
##streammarker378
EditBegin "option" 
Identity 
#Camera perspShape
Clipping 0.1 10000
Projection "perspective" "fov" [54.4322]
ScreenWindow -1 1 -0.5625 0.5625
Shutter 0 0
ConcatTransform [ 0.607376 0.242035 0.756646 5.02512e-09  -1.60239e-08 0.952458 -0.304671 -3.00432e-09  0.794415 -0.18505 -0.5785 -5.59042e-09  -1.26736 -3.80605 14.4781 1 ]
Camera "world" "float[2] shutteropening" [0 1]
EditEnd 
##streammarker379
EditBegin "option" 
Identity 
#Camera perspShape
Clipping 0.1 10000
Projection "perspective" "fov" [54.4322]
ScreenWindow -1 1 -0.5625 0.5625
Shutter 0 0
ConcatTransform [ 0.590606 0.253892 0.765979 4.67636e-11  -1.59171e-08 0.949215 -0.314628 -1.90709e-12  0.80696 -0.185821 -0.560612 5.41525e-11  -1.2318 -3.81985 14.4932 1 ]
Camera "world" "float[2] shutteropening" [0 1]
EditEnd 
##streammarker380
EditBegin "option" 
Identity 
#Camera perspShape
Clipping 0.1 10000
Projection "perspective" "fov" [54.4322]
ScreenWindow -1 1 -0.5625 0.5625
Shutter 0 0
ConcatTransform [ 0.579281 0.256462 0.773732 -2.41112e-10  -1.27391e-08 0.949215 -0.314628 9.83001e-12  0.815128 -0.182258 -0.549862 -2.88081e-10  -1.20778 -3.82521 14.477 1 ]
Camera "world" "float[2] shutteropening" [0 1]
EditEnd 
##streammarker381
EditBegin "option" 
Identity 
#Camera perspShape
Clipping 0.1 10000
Projection "perspective" "fov" [54.4322]
ScreenWindow -1 1 -0.5625 0.5625
Shutter 0 0
ConcatTransform [ 0.567844 0.258982 0.781334 5.05213e-09  -6.37212e-09 0.949215 -0.314628 -2.99802e-09  0.823136 -0.178659 -0.539006 -5.68883e-09  -1.18354 -3.83047 14.4611 1 ]
Camera "world" "float[2] shutteropening" [0 1]
EditEnd 
##streammarker382
EditBegin "option" 
Identity 
#Camera perspShape
Clipping 0.1 10000
Projection "perspective" "fov" [54.4322]
ScreenWindow -1 1 -0.5625 0.5625
Shutter 0 0
ConcatTransform [ 0.550481 0.262666 0.79245 -1.98772e-09  1.59395e-08 0.949215 -0.314628 1.48143e-09  0.834848 -0.173197 -0.522525 3.57217e-09  -1.14673 -3.83814 14.438 1 ]
Camera "world" "float[2] shutteropening" [0 1]
EditEnd 
##streammarker383
EditBegin "option" 
Identity 
#Camera perspShape
Clipping 0.1 10000
Projection "perspective" "fov" [54.4322]
ScreenWindow -1 1 -0.5625 0.5625
Shutter 0 0
ConcatTransform [ 0.544639 0.263869 0.796079 5.91043e-10  0 0.949215 -0.314628 -2.40736e-11  0.838671 -0.171359 -0.51698 7.76775e-10  -1.13435 -3.84065 14.4304 1 ]
Camera "world" "float[2] shutteropening" [0 1]
EditEnd 
##streammarker384
EditBegin "option" 
Identity 
#Camera perspShape
Clipping 0.1 10000
Projection "perspective" "fov" [54.4322]
ScreenWindow -1 1 -0.5625 0.5625
Shutter 0 0
ConcatTransform [ 0.532876 0.266236 0.803219 -1.02138e-09  -1.59481e-08 0.949215 -0.314628 4.15872e-11  0.846193 -0.167658 -0.505814 -1.38647e-09  -1.10943 -3.84558 14.4155 1 ]
Camera "world" "float[2] shutteropening" [0 1]
EditEnd 
##streammarker385
EditBegin "option" 
Identity 
#Camera perspShape
Clipping 0.1 10000
Projection "perspective" "fov" [54.4322]
ScreenWindow -1 1 -0.5625 0.5625
Shutter 0 0
ConcatTransform [ 0.526956 0.2674 0.806731 -2.51442e-09  -1.11656e-08 0.949215 -0.314628 1.50827e-09  0.849893 -0.165795 -0.500194 2.94251e-09  -1.09688 -3.848 14.4082 1 ]
Camera "world" "float[2] shutteropening" [0 1]
EditEnd 
##streammarker386
EditBegin "option" 
Identity 
#Camera perspShape
Clipping 0.1 10000
Projection "perspective" "fov" [54.4322]
ScreenWindow -1 1 -0.5625 0.5625
Shutter 0 0
ConcatTransform [ 0.52101 0.268551 0.810203 6.98133e-09  1.11675e-08 0.949215 -0.314628 -3.09855e-09  0.853551 -0.163924 -0.49455 -3.17562e-09  -1.08429 -3.8504 14.401 1 ]
Camera "world" "float[2] shutteropening" [0 1]
EditEnd 
##streammarker387
EditBegin "option" 
Identity 
#Camera perspShape
Clipping 0.1 10000
Projection "perspective" "fov" [54.4322]
ScreenWindow -1 1 -0.5625 0.5625
Shutter 0 0
ConcatTransform [ 0.52101 0.268551 0.810203 6.98133e-09  1.11675e-08 0.949215 -0.314628 -3.09855e-09  0.853551 -0.163924 -0.49455 -3.17562e-09  -1.08429 -3.8504 14.401 1 ]
Camera "world" "float[2] shutteropening" [0 1]
EditEnd 
##streammarker388
EditBegin "option" 
Identity 
#Camera perspShape
Clipping 0.1 10000
Projection "perspective" "fov" [54.4322]
ScreenWindow -1 1 -0.5625 0.5625
Shutter 0 0
ConcatTransform [ 0.538771 0.265059 0.799668 -1.04956e-09  -4.78359e-09 0.949215 -0.314628 4.27422e-11  0.842452 -0.169512 -0.511409 -1.40181e-09  -1.12192 -3.84313 14.4229 1 ]
Camera "world" "float[2] shutteropening" [0 1]
EditEnd 
##streammarker389
EditBegin "option" 
Identity 
#Camera perspShape
Clipping 0.1 10000
Projection "perspective" "fov" [54.4322]
ScreenWindow -1 1 -0.5625 0.5625
Shutter 0 0
ConcatTransform [ 0.562083 0.260223 0.785077 -1.28343e-09  -1.27467e-08 0.949215 -0.314628 5.23008e-11  0.82708 -0.176847 -0.533538 -1.60779e-09  -1.17132 -3.83305 14.4533 1 ]
Camera "world" "float[2] shutteropening" [0 1]
EditEnd 
##streammarker390
EditBegin "option" 
Identity 
#Camera perspShape
Clipping 0.1 10000
Projection "perspective" "fov" [54.4322]
ScreenWindow -1 1 -0.5625 0.5625
Shutter 0 0
ConcatTransform [ 0.584958 0.255183 0.769874 -2.46218e-09  0 0.949215 -0.314628 1.49176e-09  0.811064 -0.184044 -0.555251 2.89297e-09  -1.21982 -3.82255 14.485 1 ]
Camera "world" "float[2] shutteropening" [0 1]
EditEnd 
##streammarker391
EditBegin "option" 
Identity 
#Camera perspShape
Clipping 0.1 10000
