##RenderMan RIB
version 3.04
Option "rerender" "int[2] lodrange" [0 3]
##streammarker3729
EditBegin "option" 
Identity 
#Camera perspShape
Clipping 0.1 10000
Projection "perspective" "fov" [54.4322]
ScreenWindow -1 1 -0.5625 0.5625
Shutter 0 0
ConcatTransform [ -0.278991 -0.5851 -0.761461 5.03227e-11  1.24542e-08 0.792946 -0.609292 -4.08368e-12  -0.960294 0.169987 0.221225 1.92261e-10  0.572238 -1.50478 16.962 1 ]
Camera "world" "float[2] shutteropening" [0 1]
EditEnd 
##streammarker3730
EditBegin "option" 
Identity 
#Camera perspShape
Clipping 0.1 10000
Projection "perspective" "fov" [54.4322]
ScreenWindow -1 1 -0.5625 0.5625
Shutter 0 0
ConcatTransform [ -0.27228 -0.586272 -0.762987 2.0972e-09  1.52196e-08 0.792946 -0.609292 2.78105e-09  -0.962218 0.165898 0.215903 -6.69806e-10  0.558057 -1.50238 16.9651 1 ]
Camera "world" "float[2] shutteropening" [0 1]
EditEnd 
##streammarker3731
EditBegin "option" 
Identity 
#Camera perspShape
Clipping 0.1 10000
Projection "perspective" "fov" [54.4322]
ScreenWindow -1 1 -0.5625 0.5625
Shutter 0 0
ConcatTransform [ -0.252069 -0.589618 -0.767341 7.20515e-11  -1.24474e-08 0.792946 -0.609292 -5.82622e-12  -0.967709 0.153584 0.199877 3.06691e-10  0.515353 -1.49553 16.974 1 ]
Camera "world" "float[2] shutteropening" [0 1]
EditEnd 
##streammarker3732
EditBegin "option" 
Identity 
#Camera perspShape
Clipping 0.1 10000
Projection "perspective" "fov" [54.4322]
ScreenWindow -1 1 -0.5625 0.5625
Shutter 0 0
ConcatTransform [ -0.224951 -0.593676 -0.772623 2.12387e-09  4.14712e-09 0.792946 -0.609292 2.77465e-09  -0.97437 0.137061 0.178374 -5.89928e-10  0.458066 -1.48725 16.9848 1 ]
Camera "world" "float[2] shutteropening" [0 1]
EditEnd 
##streammarker3733
EditBegin "option" 
Identity 
#Camera perspShape
Clipping 0.1 10000
Projection "perspective" "fov" [54.4322]
ScreenWindow -1 1 -0.5625 0.5625
Shutter 0 0
ConcatTransform [ -0.204496 -0.596416 -0.776189 2.10765e-09  2.76385e-09 0.792946 -0.609292 2.77439e-09  -0.978867 0.124598 0.162154 -6.96347e-10  0.414864 -1.48168 16.992 1 ]
Camera "world" "float[2] shutteropening" [0 1]
EditEnd 
##streammarker3734
EditBegin "option" 
Identity 
#Camera perspShape
Clipping 0.1 10000
Projection "perspective" "fov" [54.4322]
ScreenWindow -1 1 -0.5625 0.5625
Shutter 0 0
ConcatTransform [ -0.190809 -0.598098 -0.778377 -4.32918e-11  9.67158e-09 0.792946 -0.609292 3.45968e-12  -0.981627 0.116258 0.151301 -2.46314e-10  0.38596 -1.47827 16.9965 1 ]
Camera "world" "float[2] shutteropening" [0 1]
EditEnd 
##streammarker3735
EditBegin "option" 
Identity 
#Camera perspShape
Clipping 0.1 10000
Projection "perspective" "fov" [54.4322]
ScreenWindow -1 1 -0.5625 0.5625
Shutter 0 0
ConcatTransform [ -0.163326 -0.601111 -0.782298 2.16616e-09  8.28702e-09 0.792946 -0.609292 2.76708e-09  -0.986572 0.0995133 0.129509 -3.99122e-10  0.327933 -1.4722 17.0044 1 ]
Camera "world" "float[2] shutteropening" [0 1]
EditEnd 
##streammarker3736
EditBegin "option" 
Identity 
#Camera perspShape
Clipping 0.1 10000
Projection "perspective" "fov" [54.4322]
ScreenWindow -1 1 -0.5625 0.5625
Shutter 0 0
ConcatTransform [ -0.135716 -0.603655 -0.785609 3.01975e-13  0 0.792946 -0.609292 -2.36612e-14  -0.990748 0.0826905 0.107615 2.43133e-12  0.26965 -1.46711 17.011 1 ]
Camera "world" "float[2] shutteropening" [0 1]
EditEnd 
##streammarker3737
EditBegin "option" 
Identity 
#Camera perspShape
Clipping 0.1 10000
Projection "perspective" "fov" [54.4322]
ScreenWindow -1 1 -0.5625 0.5625
Shutter 0 0
ConcatTransform [ -0.107999 -0.605729 -0.788308 -2.81436e-12  -2.76087e-09 0.792946 -0.609292 2.16649e-13  -0.994151 0.0658032 0.0856376 -2.85174e-11  0.211157 -1.46302 17.0163 1 ]
Camera "world" "float[2] shutteropening" [0 1]
EditEnd 
##streammarker3738
EditBegin "option" 
Identity 
#Camera perspShape
Clipping 0.1 10000
Projection "perspective" "fov" [54.4322]
ScreenWindow -1 1 -0.5625 0.5625
Shutter 0 0
ConcatTransform [ -0.0941083 -0.606588 -0.789426 -2.99033e-11  3.45075e-09 0.792946 -0.609292 2.27239e-12  -0.995562 0.0573395 0.0746228 -3.47769e-10  0.181846 -1.46135 17.0185 1 ]
Camera "world" "float[2] shutteropening" [0 1]
EditEnd 
##streammarker3739
EditBegin "option" 
Identity 
#Camera perspShape
Clipping 0.1 10000
Projection "perspective" "fov" [54.4322]
ScreenWindow -1 1 -0.5625 0.5625
Shutter 0 0
ConcatTransform [ -0.0732382 -0.607656 -0.790816 -2.90433e-12  -1.72517e-09 0.792946 -0.609292 2.14376e-13  -0.997314 0.0446235 0.0580739 -4.33588e-11  0.137814 -1.45931 17.0211 1 ]
Camera "world" "float[2] shutteropening" [0 1]
EditEnd 
##streammarker3740
EditBegin "option" 
Identity 
#Camera perspShape
Clipping 0.1 10000
Projection "perspective" "fov" [54.4322]
ScreenWindow -1 1 -0.5625 0.5625
Shutter 0 0
ConcatTransform [ -0.0732382 -0.599342 -0.797136 -1.17213e-13  -3.12879e-09 0.799283 -0.600955 8.54748e-15  -0.997314 0.0440129 0.058538 -1.75134e-12  0.137814 -1.49876 17.0056 1 ]
Camera "world" "float[2] shutteropening" [0 1]
EditEnd 
##streammarker3741
EditBegin "option" 
Identity 
#Camera perspShape
Clipping 0.1 10000
Projection "perspective" "fov" [54.4322]
ScreenWindow -1 1 -0.5625 0.5625
Shutter 0 0
ConcatTransform [ -0.0732382 -0.599342 -0.797136 -1.17213e-13  -3.12879e-09 0.799283 -0.600955 8.54748e-15  -0.997314 0.0440129 0.058538 -1.75134e-12  0.137814 -1.49876 17.0056 1 ]
Camera "world" "float[2] shutteropening" [0 1]
EditEnd 
##streammarker3742
EditBegin "option" 
Identity 
#Camera perspShape
Clipping 0.1 10000
Projection "perspective" "fov" [54.4322]
ScreenWindow -1 1 -0.5625 0.5625
Shutter 0 0
ConcatTransform [ -0.0732382 -0.599342 -0.797136 -1.17213e-13  -3.12879e-09 0.799283 -0.600955 8.54748e-15  -0.997314 0.0440129 0.058538 -1.75134e-12  0.137814 -1.49876 17.0056 1 ]
Camera "world" "float[2] shutteropening" [0 1]
EditEnd 
##streammarker3743
EditBegin "option" 
Identity 
#Camera perspShape
Clipping 0.1 10000
Projection "perspective" "fov" [54.4322]
ScreenWindow -1 1 -0.5625 0.5625
Shutter 0 0
ConcatTransform [ -0.0941083 -0.598288 -0.795735 -1.01948e-11  6.95369e-10 0.799283 -0.600955 7.65484e-13  -0.995562 0.0565549 0.0752191 -1.18668e-10  0.181846 -1.50077 17.003 1 ]
Camera "world" "float[2] shutteropening" [0 1]
EditEnd 
##streammarker3744
EditBegin "option" 
Identity 
#Camera perspShape
Clipping 0.1 10000
Projection "perspective" "fov" [54.4322]
ScreenWindow -1 1 -0.5625 0.5625
Shutter 0 0
ConcatTransform [ -0.245307 -0.582594 -0.774861 2.01006e-09  5.573e-09 0.799283 -0.600955 2.80534e-09  -0.969445 0.147419 0.19607 -1.03483e-09  0.501067 -1.53235 16.961 1 ]
Camera "world" "float[2] shutteropening" [0 1]
EditEnd 
##streammarker3745
EditBegin "option" 
Identity 
#Camera perspShape
Clipping 0.1 10000
Projection "perspective" "fov" [54.4322]
ScreenWindow -1 1 -0.5625 0.5625
Shutter 0 0
ConcatTransform [ -0.351842 -0.56253 -0.748176 3.10616e-11  8.37985e-09 0.799283 -0.600955 -2.50817e-12  -0.936059 0.211441 0.281221 9.21194e-11  0.726238 -1.57359 16.9061 1 ]
Camera "world" "float[2] shutteropening" [0 1]
EditEnd 
##streammarker3746
EditBegin "option" 
Identity 
#Camera perspShape
Clipping 0.1 10000
Projection "perspective" "fov" [54.4322]
ScreenWindow -1 1 -0.5625 0.5625
Shutter 0 0
ConcatTransform [ -0.656059 -0.440814 -0.612592 1.39824e-09  2.59025e-08 0.811693 -0.584085 -1.11621e-10  -0.75471 0.383194 0.532518 1.84493e-09  1.37067 -1.87025 16.5661 1 ]
Camera "world" "float[2] shutteropening" [0 1]
EditEnd 
##streammarker3747
EditBegin "option" 
Identity 
#Camera perspShape
Clipping 0.1 10000
Projection "perspective" "fov" [54.4322]
ScreenWindow -1 1 -0.5625 0.5625
Shutter 0 0
ConcatTransform [ -0.78152 -0.342873 -0.521214 4.85132e-10  0 0.83544 -0.549582 -3.68365e-11  -0.62388 0.42951 0.652913 4.58926e-10  1.63737 -2.15807 16.2562 1 ]
Camera "world" "float[2] shutteropening" [0 1]
EditEnd 
##streammarker3748
EditBegin "option" 
Identity 
#Camera perspShape
Clipping 0.1 10000
Projection "perspective" "fov" [54.4322]
ScreenWindow -1 1 -0.5625 0.5625
Shutter 0 0
ConcatTransform [ -0.842452 -0.296099 -0.450111 -4.21961e-09  -1.21211e-08 0.83544 -0.549582 3.20831e-10  -0.538771 0.462997 0.703818 -3.27747e-09  1.76725 -2.25613 16.1071 1 ]
Camera "world" "float[2] shutteropening" [0 1]
EditEnd 
##streammarker3749
EditBegin "option" 
Identity 
#Camera perspShape
Clipping 0.1 10000
Projection "perspective" "fov" [54.4322]
ScreenWindow -1 1 -0.5625 0.5625
Shutter 0 0
ConcatTransform [ -0.903335 -0.235735 -0.35835 2.31493e-10  -2.1064e-08 0.83544 -0.549582 -6.02472e-10  -0.428935 0.496457 0.754682 -4.87523e-10  1.89745 -2.38285 15.9145 1 ]
Camera "world" "float[2] shutteropening" [0 1]
EditEnd 
##streammarker3750
EditBegin "option" 
Identity 
#Camera perspShape
Clipping 0.1 10000
Projection "perspective" "fov" [54.4322]
ScreenWindow -1 1 -0.5625 0.5625
Shutter 0 0
ConcatTransform [ -0.938493 -0.18977 -0.288476 4.73892e-10  1.75374e-08 0.83544 -0.549582 -1.50959e-09  -0.345298 0.515779 0.784054 -1.288e-09  1.97296 -2.47944 15.7677 1 ]
Camera "world" "float[2] shutteropening" [0 1]
EditEnd 
##streammarker3751
EditBegin "option" 
Identity 
#Camera perspShape
Clipping 0.1 10000
Projection "perspective" "fov" [54.4322]
ScreenWindow -1 1 -0.5625 0.5625
Shutter 0 0
ConcatTransform [ -0.940881 -0.186164 -0.282995 5.44677e-10  -1.72787e-08 0.83544 -0.549582 -1.76662e-09  -0.338738 0.517091 0.786049 -1.5129e-09  1.97811 -2.48702 15.7562 1 ]
Camera "world" "float[2] shutteropening" [0 1]
EditEnd 
##streammarker3752
EditBegin "option" 
Identity 
#Camera perspShape
Clipping 0.1 10000
Projection "perspective" "fov" [54.4322]
ScreenWindow -1 1 -0.5625 0.5625
Shutter 0 0
ConcatTransform [ -0.945519 -0.178926 -0.271992 -3.7692e-10  0 0.83544 -0.549582 1.26898e-09  -0.325568 0.51964 0.789924 1.09466e-09  1.9881 -2.50224 15.733 1 ]
Camera "world" "float[2] shutteropening" [0 1]
EditEnd 
##streammarker3753
EditBegin "option" 
Identity 
#Camera perspShape
Clipping 0.1 10000
Projection "perspective" "fov" [54.4322]
ScreenWindow -1 1 -0.5625 0.5625
Shutter 0 0
ConcatTransform [ -0.977416 -0.11614 -0.176549 -8.92826e-10  0 0.83544 -0.549582 1.49035e-09  -0.211325 0.53717 0.816572 -4.39135e-09  2.05726 -2.63432 15.5322 1 ]
Camera "world" "float[2] shutteropening" [0 1]
EditEnd 
##streammarker3754
EditBegin "option" 
Identity 
#Camera perspShape
Clipping 0.1 10000
Projection "perspective" "fov" [54.4322]
ScreenWindow -1 1 -0.5625 0.5625
Shutter 0 0
ConcatTransform [ -0.99863 -0.0264354 -0.0451687 -7.5781e-09  -3.98e-09 0.863058 -0.505105 2.6459e-09  -0.052336 0.504413 0.861875 -4.6588e-09  2.10463 -2.91948 15.1022 1 ]
Camera "world" "float[2] shutteropening" [0 1]
EditEnd 
##streammarker3755
EditBegin "option" 
Identity 
#Camera perspShape
Clipping 0.1 10000
Projection "perspective" "fov" [54.4322]
ScreenWindow -1 1 -0.5625 0.5625
Shutter 0 0
ConcatTransform [ -0.996779 0.0315146 0.0737484 -4.31013e-11  0 0.919559 -0.392953 -7.46276e-10  0.0801989 0.391687 0.916597 -5.357e-10  2.10294 -3.23886 14.4647 1 ]
Camera "world" "float[2] shutteropening" [0 1]
EditEnd 
##streammarker3756
EditBegin "option" 
Identity 
#Camera perspShape
Clipping 0.1 10000
Projection "perspective" "fov" [54.4322]
ScreenWindow -1 1 -0.5625 0.5625
Shutter 0 0
ConcatTransform [ -0.985408 0.0501573 0.162651 -1.33941e-09  8.60403e-09 0.955596 -0.29468 -5.06903e-09  0.170209 0.29038 0.941652 -7.75434e-09  2.08046 -3.40443 13.9379 1 ]
Camera "world" "float[2] shutteropening" [0 1]
EditEnd 
##streammarker3757
EditBegin "option" 
Identity 
#Camera perspShape
Clipping 0.1 10000
Projection "perspective" "fov" [54.4322]
ScreenWindow -1 1 -0.5625 0.5625
Shutter 0 0
ConcatTransform [ -0.971134 0.0558398 0.231905 0  0 0.972213 -0.234096 0  0.238533 0.227339 0.94415 0  2.0515 -3.47491 13.5825 1 ]
Camera "world" "float[2] shutteropening" [0 1]
EditEnd 
##streammarker3758
EditBegin "option" 
Identity 
#Camera perspShape
Clipping 0.1 10000
Projection "perspective" "fov" [54.4322]
ScreenWindow -1 1 -0.5625 0.5625
Shutter 0 0
ConcatTransform [ -0.958322 0.0522505 0.28087 1.46212e-08  3.41071e-08 0.983133 -0.182894 4.22033e-09  0.285688 0.175271 0.942159 9.63854e-09  2.02528 -3.50596 13.3023 1 ]
Camera "world" "float[2] shutteropening" [0 1]
EditEnd 
##streammarker3759
EditBegin "option" 
Identity 
#Camera perspShape
Clipping 0.1 10000
Projection "perspective" "fov" [54.4322]
ScreenWindow -1 1 -0.5625 0.5625
Shutter 0 0
ConcatTransform [ -0.945518 0.0494612 0.321789 -8.97277e-10  0 0.988392 -0.151923 -6.2594e-09  0.325568 0.143646 0.934543 -2.60588e-09  1.99894 -3.51879 13.1088 1 ]
Camera "world" "float[2] shutteropening" [0 1]
EditEnd 
##streammarker3760
EditBegin "option" 
Identity 
#Camera perspShape
Clipping 0.1 10000
Projection "perspective" "fov" [54.4322]
ScreenWindow -1 1 -0.5625 0.5625
Shutter 0 0
ConcatTransform [ -0.92321 0.042426 0.381946 -9.06796e-10  3.87295e-08 0.993887 -0.1104 -5.93365e-09  0.384295 0.101922 0.917567 -2.17844e-09  1.95289 -3.52365 12.8381 1 ]
Camera "world" "float[2] shutteropening" [0 1]
EditEnd 
##streammarker3761
EditBegin "option" 
Identity 
#Camera perspShape
Clipping 0.1 10000
Projection "perspective" "fov" [54.4322]
ScreenWindow -1 1 -0.5625 0.5625
Shutter 0 0
ConcatTransform [ -0.900319 0.0389797 0.433482 3.35952e-09  -5.18084e-08 0.995981 -0.0895613 -3.67548e-09  0.435231 0.0806335 0.896701 7.56089e-09  1.90547 -3.52397 12.6571 1 ]
Camera "world" "float[2] shutteropening" [0 1]
EditEnd 
##streammarker3762
EditBegin "option" 
Identity 
#Camera perspShape
Clipping 0.1 10000
Projection "perspective" "fov" [54.4322]
ScreenWindow -1 1 -0.5625 0.5625
Shutter 0 0
ConcatTransform [ -0.903335 0.0384159 0.427211 -6.56577e-10  -2.52275e-08 0.995981 -0.0895611 -4.05604e-09  0.428935 0.0809036 0.899705 -1.38275e-09  1.91172 -3.52278 12.6703 1 ]
Camera "world" "float[2] shutteropening" [0 1]
EditEnd 
##streammarker3763
EditBegin "option" 
Identity 
#Camera perspShape
Clipping 0.1 10000
Projection "perspective" "fov" [54.4322]
ScreenWindow -1 1 -0.5625 0.5625
Shutter 0 0
ConcatTransform [ -0.900319 0.0389797 0.433482 3.35952e-09  -5.18084e-08 0.995981 -0.0895613 -3.67548e-09  0.435231 0.0806335 0.896701 7.56089e-09  1.90547 -3.52397 12.6571 1 ]
Camera "world" "float[2] shutteropening" [0 1]
EditEnd 
##streammarker3764
EditBegin "option" 
Identity 
#Camera perspShape
Clipping 0.1 10000
Projection "perspective" "fov" [54.4322]
ScreenWindow -1 1 -0.5625 0.5625
Shutter 0 0
ConcatTransform [ -0.877983 0.0428721 0.476768 5.63911e-09  3.57068e-09 0.995981 -0.089561 -7.87784e-11  0.478692 0.0786331 0.874455 -2.07672e-09  1.8591 -3.53221 12.5654 1 ]
Camera "world" "float[2] shutteropening" [0 1]
EditEnd 
##streammarker3765
EditBegin "option" 
Identity 
#Camera perspShape
Clipping 0.1 10000
Projection "perspective" "fov" [54.4322]
ScreenWindow -1 1 -0.5625 0.5625
Shutter 0 0
ConcatTransform [ -0.846193 0.047725 0.530735 -1.38481e-09  -7.1571e-09 0.995981 -0.089561 1.93577e-11  0.532876 0.0757859 0.842793 6.17663e-10  1.79298 -3.54249 12.4511 1 ]
Camera "world" "float[2] shutteropening" [0 1]
EditEnd 
##streammarker3766
EditBegin "option" 
Identity 
#Camera perspShape
Clipping 0.1 10000
Projection "perspective" "fov" [54.4322]
ScreenWindow -1 1 -0.5625 0.5625
Shutter 0 0
ConcatTransform [ -0.830984 0.0498224 0.55406 7.89624e-09  -5.37194e-09 0.995981 -0.089561 6.36701e-10  0.556296 0.0744239 0.827645 -8.92102e-09  1.7613 -3.54694 12.4017 1 ]
Camera "world" "float[2] shutteropening" [0 1]
EditEnd 
##streammarker3767
EditBegin "option" 
Identity 
#Camera perspShape
Clipping 0.1 10000
Projection "perspective" "fov" [54.4322]
ScreenWindow -1 1 -0.5625 0.5625
Shutter 0 0
ConcatTransform [ -0.78152 0.0493654 0.621924 -7.66015e-10  -2.70433e-09 0.996865 -0.0791264 7.98604e-10  0.62388 0.0618389 0.77907 -4.96404e-09  1.65814 -3.54924 12.2217 1 ]
Camera "world" "float[2] shutteropening" [0 1]
EditEnd 
##streammarker3768
EditBegin "option" 
Identity 
#Camera perspShape
Clipping 0.1 10000
Projection "perspective" "fov" [54.4322]
ScreenWindow -1 1 -0.5625 0.5625
Shutter 0 0
ConcatTransform [ -0.763796 0.0510727 0.643434 9.82571e-10  0 0.996865 -0.0791264 -1.21857e-11  0.645458 0.0604364 0.761401 -6.29341e-10  1.62113 -3.55286 12.1761 1 ]
Camera "world" "float[2] shutteropening" [0 1]
EditEnd 
##streammarker3769
EditBegin "option" 
Identity 
#Camera perspShape
Clipping 0.1 10000
Projection "perspective" "fov" [54.4322]
ScreenWindow -1 1 -0.5625 0.5625
Shutter 0 0
ConcatTransform [ -0.726575 0.0543668 0.684933 -4.27143e-09  2.70725e-09 0.996865 -0.0791264 4.01628e-10  0.687088 0.0574912 0.724297 -2.91817e-09  1.54334 -3.55985 12.088 1 ]
Camera "world" "float[2] shutteropening" [0 1]
EditEnd 
##streammarker3770
EditBegin "option" 
Identity 
#Camera perspShape
Clipping 0.1 10000
Projection "perspective" "fov" [54.4322]
ScreenWindow -1 1 -0.5625 0.5625
Shutter 0 0
ConcatTransform [ -0.692143 0.0571103 0.719497 1.19578e-08  9.02857e-10 0.996865 -0.0791264 -8.58709e-10  0.72176 0.0547668 0.689973 2.90341e-09  1.47132 -3.56568 12.0145 1 ]
Camera "world" "float[2] shutteropening" [0 1]
EditEnd 
##streammarker3771
EditBegin "option" 
Identity 
#Camera perspShape
Clipping 0.1 10000
Projection "perspective" "fov" [54.4322]
ScreenWindow -1 1 -0.5625 0.5625
Shutter 0 0
ConcatTransform [ -0.666532 0.074537 0.74174 -2.93822e-09  0 0.994989 -0.0999858 8.2841e-10  0.745476 0.0666438 0.663192 -3.74582e-09  1.41772 -3.59574 12.0393 1 ]
Camera "world" "float[2] shutteropening" [0 1]
EditEnd 
##streammarker3772
EditBegin "option" 
Identity 
#Camera perspShape
Clipping 0.1 10000
Projection "perspective" "fov" [54.4322]
ScreenWindow -1 1 -0.5625 0.5625
Shutter 0 0
ConcatTransform [ -0.656059 0.0833196 0.750096 8.92533e-09  -5.34092e-09 0.993887 -0.1104 -7.91333e-10  0.75471 0.0724287 0.652049 5.25204e-09  1.39579 -3.61036 12.0575 1 ]
Camera "world" "float[2] shutteropening" [0 1]
EditEnd 
##streammarker3773
EditBegin "option" 
Identity 
#Camera perspShape
Clipping 0.1 10000
Projection "perspective" "fov" [54.4322]
ScreenWindow -1 1 -0.5625 0.5625
Shutter 0 0
ConcatTransform [ -0.645458 0.0843228 0.759127 -1.59696e-09  -3.56118e-09 0.993887 -0.1104 2.74789e-11  0.763796 0.0712583 0.641512 1.50648e-09  1.37359 -3.61249 12.0383 1 ]
Camera "world" "float[2] shutteropening" [0 1]
EditEnd 
##streammarker3774
EditBegin "option" 
Identity 
#Camera perspShape
Clipping 0.1 10000
Projection "perspective" "fov" [54.4322]
ScreenWindow -1 1 -0.5625 0.5625
Shutter 0 0
ConcatTransform [ -0.650774 0.0838232 0.75463 -8.44785e-10  -1.78045e-09 0.993887 -0.1104 1.45345e-11  0.759271 0.0718452 0.646796 7.84561e-10  1.38473 -3.61143 12.0478 1 ]
Camera "world" "float[2] shutteropening" [0 1]
EditEnd 
##streammarker3775
EditBegin "option" 
Identity 
#Camera perspShape
Clipping 0.1 10000
Projection "perspective" "fov" [54.4322]
ScreenWindow -1 1 -0.5625 0.5625
Shutter 0 0
ConcatTransform [ -0.666533 0.0900545 0.740017 2.00125e-09  1.7708e-09 0.992677 -0.120801 -3.75642e-11  0.745476 0.080518 0.661651 -1.77516e-09  1.41772 -3.62024 12.1149 1 ]
Camera "world" "float[2] shutteropening" [0 1]
EditEnd 
##streammarker3776
EditBegin "option" 
Identity 
#Camera perspShape
Clipping 0.1 10000
Projection "perspective" "fov" [54.4322]
ScreenWindow -1 1 -0.5625 0.5625
Shutter 0 0
ConcatTransform [ -0.736097 0.116821 0.666719 3.9307e-10  -5.15119e-09 0.984994 -0.172588 -1.03906e-11  0.676876 0.127042 0.725051 -2.80884e-10  1.56325 -3.64934 12.4495 1 ]
Camera "world" "float[2] shutteropening" [0 1]
EditEnd 
##streammarker3777
EditBegin "option" 
Identity 
#Camera perspShape
Clipping 0.1 10000
Projection "perspective" "fov" [54.4322]
ScreenWindow -1 1 -0.5625 0.5625
Shutter 0 0
ConcatTransform [ -0.768284 0.123656 0.628052 1.1205e-09  1.69188e-08 0.981164 -0.193179 -3.29645e-11  0.64011 0.148416 0.753812 -7.15642e-10  1.6305 -3.65015 12.6027 1 ]
Camera "world" "float[2] shutteropening" [0 1]
EditEnd 
##streammarker3778
EditBegin "option" 
Identity 
#Camera perspShape
Clipping 0.1 10000
Projection "perspective" "fov" [54.4322]
ScreenWindow -1 1 -0.5625 0.5625
Shutter 0 0
ConcatTransform [ -0.846193 0.124744 0.518069 2.51624e-10  -2.55322e-08 0.972213 -0.234096 -3.46916e-09  0.532876 0.198091 0.82268 -7.65526e-09  1.79298 -3.62068 12.9772 1 ]
Camera "world" "float[2] shutteropening" [0 1]
EditEnd 
##streammarker3779
EditBegin "option" 
Identity 
#Camera perspShape
Clipping 0.1 10000
Projection "perspective" "fov" [54.4322]
ScreenWindow -1 1 -0.5625 0.5625
Shutter 0 0
ConcatTransform [ -0.91212 0.108432 0.395322 -2.37678e-09  -5.87337e-08 0.964381 -0.264519 -9.93334e-09  0.409923 0.241273 0.879631 -5.28857e-09  1.92993 -3.55849 13.3421 1 ]
Camera "world" "float[2] shutteropening" [0 1]
EditEnd 
##streammarker3780
EditBegin "option" 
Identity 
#Camera perspShape
Clipping 0.1 10000
Projection "perspective" "fov" [54.4322]
ScreenWindow -1 1 -0.5625 0.5625
Shutter 0 0
ConcatTransform [ -0.965926 0.0788542 0.246513 8.84149e-10  3.81157e-08 0.952458 -0.304671 5.51068e-09  0.258819 0.294289 0.920004 3.29969e-09  2.04086 -3.45403 13.7953 1 ]
Camera "world" "float[2] shutteropening" [0 1]
EditEnd 
##streammarker3781
EditBegin "option" 
Identity 
#Camera perspShape
Clipping 0.1 10000
Projection "perspective" "fov" [54.4322]
ScreenWindow -1 1 -0.5625 0.5625
Shutter 0 0
ConcatTransform [ -0.995562 0.0342437 0.087657 -4.04853e-10  0 0.931448 -0.363875 8.82833e-10  0.0941083 0.36226 0.927314 -4.28289e-09  2.1006 -3.28621 14.335 1 ]
Camera "world" "float[2] shutteropening" [0 1]
EditEnd 
##streammarker3782
EditBegin "option" 
Identity 
#Camera perspShape
Clipping 0.1 10000
Projection "perspective" "fov" [54.4322]
ScreenWindow -1 1 -0.5625 0.5625
Shutter 0 0
ConcatTransform [ -0.996779 -0.0330518 -0.0730713 -1.01879e-08  2.06316e-08 0.911128 -0.412124 4.56672e-09  -0.0801989 0.410797 0.908193 -4.16936e-09  2.10027 -3.07326 14.8404 1 ]
Camera "world" "float[2] shutteropening" [0 1]
EditEnd 
##streammarker3783
EditBegin "option" 
Identity 
#Camera perspShape
Clipping 0.1 10000
Projection "perspective" "fov" [54.4322]
ScreenWindow -1 1 -0.5625 0.5625
Shutter 0 0
ConcatTransform [ -0.981627 -0.0822608 -0.172166 -3.64854e-10  0 0.902297 -0.431115 2.58022e-09  -0.190809 0.423194 0.885719 1.87701e-09  2.06648 -2.93878 15.1146 1 ]
Camera "world" "float[2] shutteropening" [0 1]
EditEnd 
##streammarker3784
EditBegin "option" 
Identity 
#Camera perspShape
Clipping 0.1 10000
Projection "perspective" "fov" [54.4322]
ScreenWindow -1 1 -0.5625 0.5625
Shutter 0 0
ConcatTransform [ -0.940881 -0.149228 -0.304096 -2.06511e-10  -4.18345e-08 0.897733 -0.44054 8.28051e-10  -0.338738 0.414496 0.84466 5.73607e-10  1.97811 -2.78195 15.4247 1 ]
Camera "world" "float[2] shutteropening" [0 1]
EditEnd 
##streammarker3785
EditBegin "option" 
Identity 
#Camera perspShape
Clipping 0.1 10000
Projection "perspective" "fov" [54.4322]
ScreenWindow -1 1 -0.5625 0.5625
Shutter 0 0
ConcatTransform [ -0.897258 -0.198641 -0.394296 -8.17995e-10  2.58592e-08 0.89307 -0.449917 2.51361e-09  -0.441506 0.403692 0.801315 1.66238e-09  1.88442 -2.66183 15.6465 1 ]
Camera "world" "float[2] shutteropening" [0 1]
EditEnd 
##streammarker3786
EditBegin "option" 
Identity 
#Camera perspShape
Clipping 0.1 10000
Projection "perspective" "fov" [54.4322]
ScreenWindow -1 1 -0.5625 0.5625
Shutter 0 0
ConcatTransform [ -0.887815 -0.207052 -0.410991 2.43974e-09  -1.94155e-08 0.89307 -0.449917 -1.55539e-10  -0.4602 0.399443 0.792882 1.61239e-09  1.8642 -2.64417 15.6816 1 ]
Camera "world" "float[2] shutteropening" [0 1]
EditEnd 
##streammarker3787
EditBegin "option" 
Identity 
#Camera perspShape
Clipping 0.1 10000
Projection "perspective" "fov" [54.4322]
ScreenWindow -1 1 -0.5625 0.5625
Shutter 0 0
ConcatTransform [ -0.881303 -0.212609 -0.422021 2.27942e-09  3.2306e-09 0.89307 -0.449917 -1.45297e-10  -0.472551 0.396513 0.787066 1.54947e-09  1.85027 -2.6325 15.7047 1 ]
Camera "world" "float[2] shutteropening" [0 1]
EditEnd 
##streammarker3788
EditBegin "option" 
Identity 
#Camera perspShape
Clipping 0.1 10000
Projection "perspective" "fov" [54.4322]
ScreenWindow -1 1 -0.5625 0.5625
Shutter 0 0
ConcatTransform [ -0.867765 -0.223597 -0.443833 2.18111e-10  3.22069e-09 0.89307 -0.449917 -1.38987e-11  -0.496974 0.390422 0.774976 1.56706e-10  1.82132 -2.60944 15.7505 1 ]
Camera "world" "float[2] shutteropening" [0 1]
EditEnd 
##streammarker3789
EditBegin "option" 
Identity 
#Camera perspShape
Clipping 0.1 10000
Projection "perspective" "fov" [54.4322]
ScreenWindow -1 1 -0.5625 0.5625
Shutter 0 0
ConcatTransform [ -0.80696 -0.265724 -0.527452 5.03719e-10  2.55116e-08 0.89307 -0.449917 -3.20553e-11  -0.590606 0.363065 0.720672 4.47516e-10  1.69156 -2.52107 15.9259 1 ]
Camera "world" "float[2] shutteropening" [0 1]
EditEnd 
##streammarker3790
EditBegin "option" 
Identity 
#Camera perspShape
Clipping 0.1 10000
Projection "perspective" "fov" [54.4322]
ScreenWindow -1 1 -0.5625 0.5625
Shutter 0 0
ConcatTransform [ -0.768284 -0.287996 -0.571663 3.47007e-09  9.52589e-09 0.89307 -0.449917 1.66029e-09  -0.64011 0.345664 0.686131 -1.13959e-09  1.60919 -2.4744 16.0186 1 ]
Camera "world" "float[2] shutteropening" [0 1]
EditEnd 
##streammarker3791
EditBegin "option" 
Identity 
#Camera perspShape
Clipping 0.1 10000
Projection "perspective" "fov" [54.4322]
ScreenWindow -1 1 -0.5625 0.5625
Shutter 0 0
ConcatTransform [ -0.692143 -0.324732 -0.644583 -6.74178e-11  -6.31252e-09 0.89307 -0.449917 4.2788e-12  -0.72176 0.311407 0.618133 -8.25737e-11  1.4473 -2.39752 16.1712 1 ]
Camera "world" "float[2] shutteropening" [0 1]
EditEnd 
##streammarker3792
EditBegin "option" 
Identity 
#Camera perspShape
Clipping 0.1 10000
Projection "perspective" "fov" [54.4322]
ScreenWindow -1 1 -0.5625 0.5625
Shutter 0 0
ConcatTransform [ -0.579281 -0.396902 -0.71197 1.51701e-09  1.53405e-08 0.873446 -0.48692 3.13695e-09  -0.815128 0.282064 0.505971 -1.64032e-09  1.20778 -2.178 16.4393 1 ]
Camera "world" "float[2] shutteropening" [0 1]
EditEnd 
##streammarker3793
EditBegin "option" 
Identity 
#Camera perspShape
Clipping 0.1 10000
Projection "perspective" "fov" [54.4322]
ScreenWindow -1 1 -0.5625 0.5625
Shutter 0 0
ConcatTransform [ -0.544639 -0.431174 -0.719345 6.27558e-10  1.50439e-08 0.857721 -0.514116 -4.46496e-11  -0.838671 0.280007 0.467148 1.10313e-09  1.13435 -2.05142 16.5482 1 ]
Camera "world" "float[2] shutteropening" [0 1]
EditEnd 
##streammarker3794
EditBegin "option" 
Identity 
#Camera perspShape
Clipping 0.1 10000
Projection "perspective" "fov" [54.4322]
ScreenWindow -1 1 -0.5625 0.5625
Shutter 0 0
ConcatTransform [ -0.472551 -0.484349 -0.736276 5.14403e-11  1.16975e-08 0.83544 -0.549582 -3.86984e-12  -0.881303 0.259705 0.394788 1.08385e-10  0.981652 -1.86261 16.7053 1 ]
Camera "world" "float[2] shutteropening" [0 1]
EditEnd 
##streammarker3795
EditBegin "option" 
Identity 
#Camera perspShape
Clipping 0.1 10000
Projection "perspective" "fov" [54.4322]
ScreenWindow -1 1 -0.5625 0.5625
Shutter 0 0
ConcatTransform [ -0.453991 -0.505163 -0.733964 1.25804e-10  2.59495e-08 0.823747 -0.566958 -9.71681e-12  -0.891007 0.257393 0.373973 2.78001e-10  0.942358 -1.77835 16.7602 1 ]
Camera "world" "float[2] shutteropening" [0 1]
EditEnd 
##streammarker3796
EditBegin "option" 
Identity 
#Camera perspShape
Clipping 0.1 10000
Projection "perspective" "fov" [54.4322]
ScreenWindow -1 1 -0.5625 0.5625
Shutter 0 0
ConcatTransform [ -0.45399 -0.520423 -0.723224 -2.47997e-11  1.42176e-08 0.811693 -0.584085 1.96576e-12  -0.891006 0.265169 0.368501 -5.46895e-11  0.942359 -1.70437 16.7966 1 ]
Camera "world" "float[2] shutteropening" [0 1]
EditEnd 
##streammarker3797
EditBegin "option" 
Identity 
#Camera perspShape
Clipping 0.1 10000
Projection "perspective" "fov" [54.4322]
ScreenWindow -1 1 -0.5625 0.5625
Shutter 0 0
ConcatTransform [ -0.4602 -0.518559 -0.720633 1.43752e-10  8.53265e-09 0.811693 -0.584085 -1.13979e-11  -0.887815 0.268796 0.373541 3.11745e-10  0.955504 -1.70824 16.7913 1 ]
Camera "world" "float[2] shutteropening" [0 1]
EditEnd 
##streammarker3798
EditBegin "option" 
Identity 
#Camera perspShape
Clipping 0.1 10000
Projection "perspective" "fov" [54.4322]
ScreenWindow -1 1 -0.5625 0.5625
Shutter 0 0
ConcatTransform [ -0.509041 -0.517268 -0.687976 3.73125e-10  -1.68618e-08 0.799283 -0.600955 -3.03878e-11  -0.860742 0.305911 0.406868 7.10317e-10  1.05893 -1.66744 16.7813 1 ]
Camera "world" "float[2] shutteropening" [0 1]
EditEnd 
##streammarker3799
EditBegin "option" 
Identity 
#Camera perspShape
Clipping 0.1 10000
Projection "perspective" "fov" [54.4322]
ScreenWindow -1 1 -0.5625 0.5625
Shutter 0 0
ConcatTransform [ -0.532876 -0.543225 -0.648806 5.71344e-12  1.62699e-08 0.766736 -0.641963 -4.92987e-13  -0.846193 0.342087 0.408575 1.01777e-11  1.10943 -1.4996 16.8405 1 ]
Camera "world" "float[2] shutteropening" [0 1]
EditEnd 
##streammarker3800
EditBegin "option" 
Identity 
#Camera perspShape
Clipping 0.1 10000
Projection "perspective" "fov" [54.4322]
ScreenWindow -1 1 -0.5625 0.5625
Shutter 0 0
ConcatTransform [ -0.579281 -0.56765 -0.584985 3.45871e-10  -1.02912e-08 0.71766 -0.696393 -3.20386e-11  -0.815128 0.403408 0.415727 5.43684e-10  1.20778 -1.27742 16.8942 1 ]
Camera "world" "float[2] shutteropening" [0 1]
EditEnd 
##streammarker3801
EditBegin "option" 
Identity 
#Camera perspShape
Clipping 0.1 10000
Projection "perspective" "fov" [54.4322]
ScreenWindow -1 1 -0.5625 0.5625
Shutter 0 0
ConcatTransform [ -0.645458 -0.55439 -0.525391 -2.90134e-10  -1.5031e-08 0.687869 -0.725835 2.81773e-09  -0.763796 0.468496 0.44399 -4.30706e-09  1.34816 -1.20131 16.8708 1 ]
Camera "world" "float[2] shutteropening" [0 1]
EditEnd 
##streammarker3802
EditBegin "option" 
Identity 
#Camera perspShape
Clipping 0.1 10000
Projection "perspective" "fov" [54.4322]
ScreenWindow -1 1 -0.5625 0.5625
Shutter 0 0
ConcatTransform [ -0.759271 -0.481626 -0.437657 6.8056e-11  2.01319e-08 0.672517 -0.740081 -6.6673e-12  -0.650774 0.561923 0.510623 6.63105e-11  1.59001 -1.3001 16.7362 1 ]
Camera "world" "float[2] shutteropening" [0 1]
EditEnd 
##streammarker3803
EditBegin "option" 
Identity 
#Camera perspShape
Clipping 0.1 10000
Projection "perspective" "fov" [54.4322]
ScreenWindow -1 1 -0.5625 0.5625
Shutter 0 0
ConcatTransform [ -0.811064 -0.432916 -0.393394 1.41823e-09  -3.04233e-08 0.672517 -0.740081 -1.85676e-09  -0.584958 0.600253 0.545454 -1.96642e-09  1.7003 -1.40216 16.6435 1 ]
Camera "world" "float[2] shutteropening" [0 1]
EditEnd 
##streammarker3804
EditBegin "option" 
Identity 
#Camera perspShape
Clipping 0.1 10000
Projection "perspective" "fov" [54.4322]
ScreenWindow -1 1 -0.5625 0.5625
Shutter 0 0
ConcatTransform [ -0.830984 -0.411704 -0.374119 2.71162e-10  9.55272e-09 0.672517 -0.740081 -3.71089e-10  -0.556296 0.614996 0.558851 -4.05056e-10  1.74278 -1.44664 16.6031 1 ]
Camera "world" "float[2] shutteropening" [0 1]
EditEnd 
##streammarker3805
EditBegin "option" 
Identity 
#Camera perspShape
Clipping 0.1 10000
Projection "perspective" "fov" [54.4322]
ScreenWindow -1 1 -0.5625 0.5625
Shutter 0 0
ConcatTransform [ -0.846193 -0.394372 -0.358369 -7.56852e-10  1.82079e-08 0.672517 -0.740081 1.07602e-09  -0.532876 0.626252 0.56908 1.20186e-09  1.77524 -1.48299 16.57 1 ]
Camera "world" "float[2] shutteropening" [0 1]
EditEnd 
##streammarker3806
EditBegin "option" 
Identity 
#Camera perspShape
Clipping 0.1 10000
Projection "perspective" "fov" [54.4322]
ScreenWindow -1 1 -0.5625 0.5625
Shutter 0 0
ConcatTransform [ -0.860742 -0.376732 -0.342339 -7.09071e-10  3.46915e-08 0.672517 -0.740081 1.05004e-09  -0.509041 0.637019 0.578864 1.19897e-09  1.80631 -1.52001 16.5364 1 ]
Camera "world" "float[2] shutteropening" [0 1]
EditEnd 
##streammarker3807
EditBegin "option" 
Identity 
#Camera perspShape
Clipping 0.1 10000
Projection "perspective" "fov" [54.4322]
ScreenWindow -1 1 -0.5625 0.5625
Shutter 0 0
ConcatTransform [ -0.864275 -0.372276 -0.33829 1.10835e-09  0 0.672517 -0.740081 -1.65888e-09  -0.50302 0.639634 0.58124 -1.90434e-09  1.81386 -1.52936 16.5279 1 ]
Camera "world" "float[2] shutteropening" [0 1]
EditEnd 
##streammarker3808
EditBegin "option" 
Identity 
#Camera perspShape
Clipping 0.1 10000
Projection "perspective" "fov" [54.4322]
ScreenWindow -1 1 -0.5625 0.5625
Shutter 0 0
ConcatTransform [ -0.867765 -0.367801 -0.334224 -5.07634e-10  -8.46347e-09 0.672517 -0.740081 7.68043e-10  -0.496974 0.642217 0.583587 8.8638e-10  1.82132 -1.53875 16.5194 1 ]
Camera "world" "float[2] shutteropening" [0 1]
EditEnd 
##streammarker3809
EditBegin "option" 
Identity 
#Camera perspShape
Clipping 0.1 10000
Projection "perspective" "fov" [54.4322]
ScreenWindow -1 1 -0.5625 0.5625
Shutter 0 0
ConcatTransform [ -0.871214 -0.363309 -0.330141 1.03887e-09  2.50807e-08 0.672517 -0.740081 -1.58919e-09  -0.490904 0.644769 0.585906 -1.84369e-09  1.82869 -1.54818 16.5108 1 ]
Camera "world" "float[2] shutteropening" [0 1]
EditEnd 
##streammarker3810
EditBegin "option" 
Identity 
#Camera perspShape
Clipping 0.1 10000
Projection "perspective" "fov" [54.4322]
ScreenWindow -1 1 -0.5625 0.5625
Shutter 0 0
ConcatTransform [ -0.903335 -0.317447 -0.288466 -5.60394e-09  0 0.672517 -0.740081 5.92542e-09  -0.428935 0.668542 0.607509 -1.76829e-09  1.89745 -1.64448 16.4233 1 ]
Camera "world" "float[2] shutteropening" [0 1]
EditEnd 
##streammarker3811
EditBegin "option" 
Identity 
#Camera perspShape
Clipping 0.1 10000
Projection "perspective" "fov" [54.4322]
ScreenWindow -1 1 -0.5625 0.5625
Shutter 0 0
ConcatTransform [ -0.91496 -0.298656 -0.271391 1.14585e-09  -1.40094e-08 0.672517 -0.740082 -2.09302e-09  -0.403545 0.677145 0.615326 -2.59799e-09  1.92238 -1.68395 16.3874 1 ]
Camera "world" "float[2] shutteropening" [0 1]
EditEnd 
##streammarker3812
EditBegin "option" 
Identity 
#Camera perspShape
Clipping 0.1 10000
Projection "perspective" "fov" [54.4322]
ScreenWindow -1 1 -0.5625 0.5625
Shutter 0 0
ConcatTransform [ -0.958323 -0.211433 -0.19213 -1.13406e-10  -2.18264e-08 0.672517 -0.740081 2.85187e-10  -0.285688 0.709237 0.644488 3.80413e-10  2.01576 -1.86732 16.2208 1 ]
Camera "world" "float[2] shutteropening" [0 1]
EditEnd 
##streammarker3813
EditBegin "option" 
Identity 
#Camera perspShape
Clipping 0.1 10000
Projection "perspective" "fov" [54.4322]
ScreenWindow -1 1 -0.5625 0.5625
Shutter 0 0
ConcatTransform [ -0.982935 -0.1387 -0.120833 -5.48417e-10  0 0.656871 -0.754003 2.01907e-09  -0.183951 0.741136 0.645662 2.93044e-09  2.06935 -1.96605 16.1186 1 ]
Camera "world" "float[2] shutteropening" [0 1]
EditEnd 
##streammarker3814
EditBegin "option" 
Identity 
#Camera perspShape
Clipping 0.1 10000
Projection "perspective" "fov" [54.4322]
ScreenWindow -1 1 -0.5625 0.5625
Shutter 0 0
ConcatTransform [ -0.996779 -0.0615604 -0.0514022 5.80436e-11  -6.12083e-09 0.640936 -0.767594 -4.60851e-10  -0.0801989 0.765122 0.638871 -7.21412e-10  2.10027 -2.0732 16.0191 1 ]
Camera "world" "float[2] shutteropening" [0 1]
EditEnd 
##streammarker3815
EditBegin "option" 
Identity 
#Camera perspShape
Clipping 0.1 10000
Projection "perspective" "fov" [54.4322]
ScreenWindow -1 1 -0.5625 0.5625
Shutter 0 0
ConcatTransform [ -0.999994 0.00267911 0.00223743 2.28324e-09  -5.54161e-09 0.640936 -0.767594 -4.68262e-09  0.00349066 0.76759 0.640932 7.07147e-09  2.10844 -2.2086 15.906 1 ]
Camera "world" "float[2] shutteropening" [0 1]
EditEnd 
##streammarker3816
EditBegin "option" 
Identity 
#Camera perspShape
Clipping 0.1 10000
Projection "perspective" "fov" [54.4322]
ScreenWindow -1 1 -0.5625 0.5625
Shutter 0 0
ConcatTransform [ -0.99863 0.0394608 0.0343775 -1.20589e-08  -3.66912e-09 0.656871 -0.754003 -2.7961e-09  0.052336 0.75297 0.655971 7.0851e-09  2.10637 -2.34148 15.7915 1 ]
Camera "world" "float[2] shutteropening" [0 1]
EditEnd 
##streammarker3817
EditBegin "option" 
Identity 
#Camera perspShape
Clipping 0.1 10000
Projection "perspective" "fov" [54.4322]
ScreenWindow -1 1 -0.5625 0.5625
Shutter 0 0
ConcatTransform [ -0.994881 0.0754977 0.0671747 -1.00412e-10  -5.46724e-09 0.66473 -0.747083 -6.40593e-10  0.101056 0.743259 0.661328 -9.88543e-10  2.09928 -2.4448 15.6985 1 ]
Camera "world" "float[2] shutteropening" [0 1]
EditEnd 
##streammarker3818
EditBegin "option" 
Identity 
#Camera perspShape
Clipping 0.1 10000
Projection "perspective" "fov" [54.4322]
ScreenWindow -1 1 -0.5625 0.5625
Shutter 0 0
ConcatTransform [ -0.990748 0.101391 0.0902143 0  4.46368e-09 0.66473 -0.747083 0  0.135716 0.740171 0.65858 0  2.09114 -2.49944 15.6499 1 ]
Camera "world" "float[2] shutteropening" [0 1]
EditEnd 
##streammarker3819
EditBegin "option" 
Identity 
#Camera perspShape
Clipping 0.1 10000
Projection "perspective" "fov" [54.4322]
ScreenWindow -1 1 -0.5625 0.5625
Shutter 0 0
ConcatTransform [ -0.987688 0.114666 0.106411 0  0 0.68023 -0.732998 0  0.156434 0.723974 0.671856 0  2.08504 -2.58128 15.5673 1 ]
Camera "world" "float[2] shutteropening" [0 1]
EditEnd 
##streammarker3820
EditBegin "option" 
Identity 
#Camera perspShape
Clipping 0.1 10000
Projection "perspective" "fov" [54.4322]
ScreenWindow -1 1 -0.5625 0.5625
Shutter 0 0
ConcatTransform [ -0.984196 0.129803 0.120458 0  1.35808e-08 0.68023 -0.732998 0  0.177085 0.721414 0.66948 0  2.07802 -2.61324 15.5376 1 ]
Camera "world" "float[2] shutteropening" [0 1]
EditEnd 
##streammarker3821
EditBegin "option" 
Identity 
#Camera perspShape
Clipping 0.1 10000
Projection "perspective" "fov" [54.4322]
ScreenWindow -1 1 -0.5625 0.5625
Shutter 0 0
ConcatTransform [ -0.981627 0.139863 0.129794 0  -1.58443e-08 0.68023 -0.732998 0  0.190809 0.719531 0.667733 0  2.07283 -2.63448 15.5179 1 ]
Camera "world" "float[2] shutteropening" [0 1]
EditEnd 
##streammarker3822
EditBegin "option" 
Identity 
#Camera perspShape
Clipping 0.1 10000
Projection "perspective" "fov" [54.4322]
ScreenWindow -1 1 -0.5625 0.5625
Shutter 0 0
ConcatTransform [ -0.97437 0.163277 0.154737 0  -5.12977e-09 0.687869 -0.725835 0  0.224951 0.707232 0.670239 0  2.0581 -2.71046 15.4406 1 ]
Camera "world" "float[2] shutteropening" [0 1]
EditEnd 
##streammarker3823
EditBegin "option" 
Identity 
#Camera perspShape
Clipping 0.1 10000
Projection "perspective" "fov" [54.4322]
ScreenWindow -1 1 -0.5625 0.5625
Shutter 0 0
ConcatTransform [ -0.965926 0.182175 0.183847 0  2.3318e-08 0.710329 -0.70387 0  0.258819 0.679887 0.686125 0  2.04086 -2.8284 15.3036 1 ]
Camera "world" "float[2] shutteropening" [0 1]
EditEnd 
##streammarker3824
EditBegin "option" 
Identity 
#Camera perspShape
Clipping 0.1 10000
Projection "perspective" "fov" [54.4322]
ScreenWindow -1 1 -0.5625 0.5625
Shutter 0 0
ConcatTransform [ -0.95424 0.20371 0.218924 0  -9.55151e-09 0.732087 -0.681211 0  0.299041 0.650039 0.698587 0  2.01689 -2.94952 15.1515 1 ]
Camera "world" "float[2] shutteropening" [0 1]
EditEnd 
##streammarker3825
EditBegin "option" 
Identity 
#Camera perspShape
Clipping 0.1 10000
Projection "perspective" "fov" [54.4322]
ScreenWindow -1 1 -0.5625 0.5625
Shutter 0 0
ConcatTransform [ -0.943223 0.221129 0.247856 1.15174e-08  2.41912e-08 0.746193 -0.66573 3.92594e-09  0.332161 0.627932 0.703826 -2.67053e-09  1.99421 -3.03538 15.0371 1 ]
Camera "world" "float[2] shutteropening" [0 1]
EditEnd 
##streammarker3826
EditBegin "option" 
Identity 
#Camera perspShape
Clipping 0.1 10000
Projection "perspective" "fov" [54.4322]
ScreenWindow -1 1 -0.5625 0.5625
Shutter 0 0
ConcatTransform [ -0.931056 0.237154 0.277296 2.38283e-08  1.66038e-08 0.759971 -0.649957 3.86169e-09  0.364877 0.605146 0.707576 -5.35634e-09  1.9691 -3.11718 14.9205 1 ]
Camera "world" "float[2] shutteropening" [0 1]
EditEnd 
##streammarker3827
EditBegin "option" 
Identity 
#Camera perspShape
Clipping 0.1 10000
Projection "perspective" "fov" [54.4322]
ScreenWindow -1 1 -0.5625 0.5625
Shutter 0 0
ConcatTransform [ -0.92587 0.24256 0.289704 -1.98046e-09  -3.72278e-08 0.766736 -0.641963 -4.1085e-09  0.377841 0.594374 0.709898 -4.85296e-09  1.95839 -3.15214 14.8668 1 ]
Camera "world" "float[2] shutteropening" [0 1]
EditEnd 
##streammarker3828
EditBegin "option" 
Identity 
#Camera perspShape
Clipping 0.1 10000
Projection "perspective" "fov" [54.4322]
ScreenWindow -1 1 -0.5625 0.5625
Shutter 0 0
